
000000000000000000000
000000000000000000000
000000000000000000000
000000000000000000000
000000000000000000000
000000000000000000000
000000000000000000000
000000000000000000000
000000000000000000000
000000000000000000000
000000000000000000000
000000000000000000000
000000000000000000000
000000000000000000000
000000000000000000000
000000000000000000000
000000000000000000000
000000000000000000000
000000000000000000000
000000000000000000000
000000000000000000000

000000000000000000000
000000000000000000000
000000000000000000000
000000000000000000000
000000000000000000000
000000000000000000000
000000000000000000000
000000000000000000000
000000000000000000000
000000000000000000000
000000000000000000000
000000000000000000000
000000000000000000000
000000000000000000000
000000000000000000000
000000000000000000000
000000000000000000000
000000000000000000000
000000000000000000000
000000000000000000000
000000000000000000000

000000000000000000000
000000000000000000000
000000000000000000000
000000000000000000000
000000000000000000000
000000000000000000000
000000000000000000000
000000000000000000000
000000000000000000000
000000000000000000000
000000000030000000000
000000000000000000000
000000000000000000000
000000000000000000000
000000000000000000000
000000000000000000000
000000000000000000000
000000000000000000000
000000000000000000000
000000000000000000000
000000000000000000000

000000000000000000000
000000000000000000000
000000000000000000000
000000000000000000000
000000000000000000000
000000000000000000000
000000000000000000000
000000000000000000000
000000000000000000000
000000000304000000000
000000000440000000000
000000000101000000000
000000000000000000000
000000000000000000000
000000000000000000000
000000000000000000000
000000000000000000000
000000000000000000000
000000000000000000000
000000000000000000000
000000000000000000000

000000000000000000000
000000000000000000000
000000000000000000000
000000000000000000000
000000000000000000000
000000000000000000000
000000000000000000000
000000000000000000000
000000004020100000000
000000001004100000000
000000001111100000000
000000001202000000000
000000003211200000000
000000000000000000000
000000000000000000000
000000000000000000000
000000000000000000000
000000000000000000000
000000000000000000000
000000000000000000000
000000000000000000000

000000000000000000000
000000000000000000000
000000000000000000000
000000000000000000000
000000000000000000000
000000000000000000000
000000000000000000000
000000031013010000000
000000040002020000000
000000000410000000000
000000044040010000000
000000010210220000000
000000011323110000000
000000004201020000000
000000000000000000000
000000000000000000000
000000000000000000000
000000000000000000000
000000000000000000000
000000000000000000000
000000000000000000000

000000000000000000000
000000000000000000000
000000000000000000000
000000000000000000000
000000000000000000000
000000000000000000000
000000121320100000000
000000143402211000000
000000010012202000000
000000004161000000000
000000431404144000000
000000221000300000000
000000141100101000000
000000201421240000000
000000011024030000000
000000000000000000000
000000000000000000000
000000000000000000000
000000000000000000000
000000000000000000000
000000000000000000000

000000000000000000000
000000000000000000000
000000000000000000000
000000000000000000000
000000000000000000000
000001112011010400000
000002311101414000000
000001010041302000000
000000144113041100000
000000223400410400000
000000403041141000000
000000220021204100000
000002402400123400000
000000402141400200000
000002001224040200000
000004041241314000000
000000000000000000000
000000000000000000000
000000000000000000000
000000000000000000000
000000000000000000000

000000000000000000000
000000000000000000000
000000000000000000000
000000000000000000000
000010020214210540000
000010213230114230000
000014204214411440000
000022013003120200000
000043140011403100000
000010021200141110000
000034040000433200000
000044000103314130000
000011134211414220000
000011410144001220000
000020130241120010000
000040140140110200000
000041344104041000000
000000000000000000000
000000000000000000000
000000000000000000000
000000000000000000000

000000000000000000000
000000000000000000000
000000000000000000000
000144011211010110000
000241411013213000000
000121002443401211000
000201102340220130000
000011011111424040000
000022112441221041000
000022061332432432000
000113441041410401000
000110123244412014000
000213200040210021000
000042104412130011000
000204310112213401000
000101120010122120000
000011111000111312000
000101403112003200000
000000000000000000000
000000000000000000000
000000000000000000000

000000000000000000000
000000000000000000000
000013431042214010000
000232320323350201000
001224004440402410000
000420204244410114000
000021421020313420100
000224053204320140000
004024414204444342300
004444142134000003400
000434111314440032300
001401200444201220100
000301413430440211100
001440224414201432100
001141114440111241200
001104201302041140000
003140012110131112100
000210042101100102000
000111424040332102000
000000000000000000000
000000000000000000000

000000000000000000000
000012241414424201010
000024043314314013100
023222434144202122200
000414440214144301320
024214440444134404440
011415301024441344110
012142310412414310110
022444410141401344130
030044305333031442440
004314440014400013140
041004215441110044440
014401020041410020130
004211234442421223440
024140024424240344440
012111014230401403410
030045104011401403310
012244443232024142410
000104444021000144110
000100104030140400000
000000000000000000000

000013544444444300000
044444444444444444440
045454544444445444550
144444444444444444440
244444444444444444440
444444544445544444443
444444444444444444444
444444444454444444444
464444644444444444444
544444444444444444444
444444444444444444545
444444445444444444444
444444464545444444444
444444544444444444444
444444444444444444444
444444444444454544441
444444444445544444441
044454444454444444440
044544444444444444440
044444444444444444440
000014444444444431000
 
Total grains in the pile: 4006
