
                     
                     
                     
                     
                     
                     
                     
                     
                     
                     
                     
                     
                     
                     
                     
                     
                     
                     
                     
                     
                     

                     
                     
                     
                     
                     
                     
                     
                     
                     
                     
                     
                     
                     
                     
                     
                     
                     
                     
                     
                     
                     

                     
                     
                     
                     
                     
                     
                     
                     
                     
                     
                     
                     
                     
                     
                     
                     
                     
                     
                     
                     
                     

                     
                     
                     
                     
                     
                     
                     
                     
                     
                     
                     
                     
                     
                     
                     
                     
                     
                     
                     
                     
                     

                     
                     
                     
                     
                     
                     
                     
                     
                     
                     
                     
                     
                     
                     
                     
                     
                     
                     
                     
                     
                     

                     
                     
                     
                     
                     
                     
                     
                     
                     
                     
          0          
                     
                     
                     
                     
                     
                     
                     
                     
                     
                     

                     
                     
                     
                     
                     
                     
                     
                     
                     
         043         
         400         
         121         
                     
                     
                     
                     
                     
                     
                     
                     
                     

                     
                     
                     
                     
                     
                     
                     
                     
        11403        
        43420        
        21210        
        32404        
        10314        
                     
                     
                     
                     
                     
                     
                     
                     

                     
                     
                     
                     
                     
                     
                     
       0421441       
       1540424       
       0024233       
       4013201       
       1114020       
       1144122       
       1101113       
                     
                     
                     
                     
                     
                     
                     

                     
                     
                     
                     
                     
                     
      023015242      
      223110443      
      121422211      
      014040401      
      113201042      
      021100110      
      020244022      
      051433124      
      102000010      
                     
                     
                     
                     
                     
                     

                     
                     
                     
                     
                     
     00021042010     
     12140440132     
     12214010411     
     40141411123     
     14030140011     
     02121140501     
     20144423101     
     02414123104     
     02031123040     
     11440020011     
     00200100000     
                     
                     
                     
                     
                     

                     
                     
                     
                     
    0011042441000    
    0010230001200    
    0021013010200    
    1141024420420    
    1220221320433    
    0041200211043    
    1013231011312    
    0104421120004    
    1001111140321    
    1221441411131    
    0001110141301    
    0132011032100    
    0021014121110    
                     
                     
                     
                     

                     
                     
                     
   000012111300000   
   000011334011100   
   010040444002100   
   001131241122210   
   000020120221120   
   101004302001110   
   241010411103231   
   211110420123434   
   203420111432001   
   230200432031110   
   104104040232110   
   031412240130011   
   003001201204000   
   000003101042100   
   000000003213000   
                     
                     
                     

                     
                     
  00000014321000000  
  00001034414010000  
  00012112203400000  
  00103302431202100  
  00243430134012000  
  00411114442115000  
  04222024440201140  
  04014042044100521  
  20141154120140414  
  12125440021242440  
  12110153031311400  
  00431044402101440  
  00013314321324210  
  00101113441043000  
  00000003414424000  
  00002214142140000  
  00000014300000000  
                     
                     

                     
 0000000101100000000 
 0000001411111100000 
 0001314403222010000 
 0000431014104230000 
 0000021142414442000 
 0024310434044442010 
 1024342115441440200 
 0041401044104110020 
 1422341334444451441 
 1404514144244425321 
 0444401443400101311 
 0005402002404040011 
 0442400341104444210 
 0044410140254144200 
 0102140414012420100 
 0014320042444130000 
 0000104444044000000 
 0000001443440000000 
 0000000000111000000 
                     

000000000140000000000
044444444445444444440
045444444444444454440
045444444464444444440
044444444444444444440
044444444544444544440
044444445444444444440
044444444444444444440
044444444444444444440
044444444444444444440
544444444444445444444
144444444444544444441
044444444454444444440
044444444444444444440
044444444444444444440
044444444445444445440
044444444444444444440
044444444444444444440
044444444444444444440
044444444444444444540
000000000341000000000
 
Total grains in the pile: 3438
