0
0
0
0
3462
4005
7253
8335
7528
6210
9814
8778
10070
10773
1637
1174
866
714
661
659
566
539
576
473
443
442
421
406
341
378
395
373
320
332
298
281
258
297
244
250
244
220
218
233
217
219
207
197
194
152
164
170
141
144
137
124
130
136
125
130
121
104
114
114
123
92
97
105
112
108
91
107
82
85
85
85
68
66
68
72
62
65
61
46
65
68
55
51
66
56
49
47
54
62
57
52
47
38
45
47
39
38
50
33
42
34
38
35
35
43
37
25
29
49
28
37
32
19
24
34
34
37
30
35
25
37
28
30
36
26
21
27
18
29
27
26
26
22
22
29
13
17
29
15
24
22
26
22
29
20
14
21
17
22
12
20
10
20
23
14
19
19
29
19
20
13
17
19
9
16
20
14
13
19
12
8
11
22
21
9
17
11
15
15
8
9
18
10
15
14
11
6
18
10
14
14
8
11
15
12
13
16
12
11
10
11
5
10
10
15
12
5
12
8
10
10
7
10
5
10
10
11
8
8
11
8
7
9
6
11
9
8
7
6
10
6
13
11
9
9
5
7
8
5
8
7
7
5
11
10
9
7
8
12
11
5
5
7
8
13
7
6
6
5
8
11
14
8
10
8
7
4
6
7
5
2
5
8
6
12
2
4
4
9
7
7
9
7
5
9
4
4
1
7
7
5
7
5
5
5
3
9
5
7
7
5
8
7
5
5
3
5
1
9
2
2
0
5
6
8
2
7
2
3
6
7
3
5
3
7
4
2
5
5
4
6
8
5
2
6
4
6
2
4
3
5
5
5
4
5
5
4
7
6
7
3
4
4
1
1
4
2
2
5
5
0
1
6
3
1
4
6
3
2
5
4
4
1
5
3
4
4
5
3
4
1
4
5
5
3
3
7
3
6
3
2
3
3
2
3
4
2
3
3
3
2
2
4
2
3
1
1
3
5
3
2
0
1
2
1
4
2
0
0
2
2
4
1
4
2
2
3
2
4
2
2
1
2
2
0
1
1
3
6
2
1
0
4
2
3
1
2
1
3
0
0
5
4
1
0
1
1
1
0
0
1
2
2
1
1
4
2
2
0
2
0
4
0
2
3
2
2
1
5
0
2
2
2
1
1
3
3
1
2
3
1
2
3
2
3
0
0
1
0
0
2
2
1
0
1
3
4
4
2
0
1
1
3
1
3
1
4
0
0
2
1
0
2
3
2
1
2
1
2
0
2
3
0
1
0
2
1
1
3
0
1
1
2
0
3
1
0
2
2
1
0
1
3
2
1
0
3
0
0
0
2
1
1
0
2
0
0
2
2
2
0
1
0
2
2
1
2
0
2
0
1
1
1
1
1
1
3
1
0
0
0
0
2
2
0
1
2
2
3
1
1
0
1
1
3
1
1
0
1
0
1
1
0
1
0
1
0
2
1
1
0
1
0
0
0
2
1
1
2
0
0
1
1
1
1
2
1
2
1
3
2
0
3
0
1
2
0
0
0
1
0
1
0
0
1
0
1
0
2
1
0
0
0
0
0
1
2
0
1
0
2
2
0
1
0
0
0
1
1
1
0
1
0
0
2
0
0
0
1
0
0
0
0
1
0
0
1
0
1
2
1
0
0
0
1
1
0
0
0
0
1
0
1
0
0
0
0
0
0
0
0
0
0
0
0
1
1
1
0
0
0
0
0
1
0
0
0
0
0
0
0
3
1
2
1
0
0
0
0
0
2
0
0
1
1
0
0
0
0
0
0
0
0
0
1
0
0
0
0
0
0
2
0
1
0
1
2
0
1
1
0
0
0
1
0
0
1
0
0
0
0
1
0
1
0
0
0
1
0
0
0
1
1
0
0
0
1
1
0
1
0
1
0
0
0
0
0
0
0
0
0
0
0
1
0
0
0
0
0
0
0
0
0
0
0
0
1
1
0
1
0
0
0
2
1
2
0
0
0
0
2
0
0
0
1
0
0
0
0
0
0
0
0
0
0
1
1
0
0
0
0
0
0
0
1
0
0
1
0
0
0
0
1
0
0
0
0
0
0
0
0
0
0
0
0
0
0
0
1
0
0
0
0
0
0
1
1
0
0
0
0
0
0
0
0
0
0
0
0
0
0
0
0
0
0
0
0
1
0
0
0
0
0
0
0
0
0
0
0
0
0
0
0
0
0
0
0
0
0
0
0
1
0
0
0
0
2
0
0
0
0
0
1
0
0
0
2
0
1
0
0
0
0
0
0
0
0
0
0
1
0
0
0
1
0
0
0
0
0
0
0
0
0
0
1
0
0
0
0
0
0
0
0
0
0
0
0
0
0
0
0
1
0
0
0
0
0
0
0
0
0
0
0
0
0
0
0
0
1
0
0
0
1
0
0
1
0
0
0
0
1
0
0
0
0
0
0
0
0
0
0
0
0
0
0
0
0
1
0
0
0
0
0
0
0
0
0
0
0
0
0
0
0
0
0
0
0
0
0
0
0
0
0
0
0
0
0
0
0
0
0
0
0
0
0
1
0
0
0
0
0
0
0
0
0
0
0
0
0
0
0
0
0
0
0
0
0
0
0
0
0
0
0
0
0
0
0
0
0
0
0
0
0
0
0
0
0
0
0
0
0
0
0
0
0
0
0
0
0
0
0
0
0
0
0
0
0
0
0
0
0
0
0
0
0
0
0
0
0
0
0
0
0
0
0
0
0
0
0
0
0
0
0
0
0
0
0
0
0
0
0
0
0
0
0
0
0
0
0
0
0
0
0
0
0
0
0
0
0
0
0
0
0
0
0
0
0
0
0
0
0
0
0
0
0
0
0
0
0
0
0
0
0
0
0
0
0
0
0
0
0
0
0
0
0
0
0
0
0
0
0
0
0
0
0
0
0
0
0
0
0
0
0
1
0
0
0
0
1
0
0
0
0
0
0
0
0
0
0
0
0
0
0
0
0
0
0
0
0
0
0
0
0
0
0
0
0
0
0
0
0
0
0
0
0
0
0
0
0
0
0
0
0
0
0
0
0
0
0
0
0
0
0
0
0
0
0
0
0
0
0
0
0
0
0
0
0
0
0
0
0
0
0
0
0
0
0
0
0
0
0
0
0
0
0
0
0
0
0
0
0
0
0
0
0
0
0
0
0
0
0
0
0
0
0
0
0
0
0
0
0
0
0
0
0
0
0
0
0
0
0
0
0
0
0
0
0
0
0
0
0
0
0
0
0
0
0
0
0
0
0
0
0
0
0
0
0
0
0
0
0
0
0
0
0
0
0
0
0
0
0
0
0
0
0
0
0
0
0
0
0
0
0
0
0
0
0
0
0
0
0
0
0
0
0
0
0
0
0
0
1
0
0
1
0
0
0
0
0
0
0
0
0
0
0
0
0
0
0
0
0
0
0
0
0
0
0
0
0
0
0
0
0
0
0
0
0
0
0
0
0
0
0
0
0
0
0
0
0
0
0
0
0
0
0
0
0
0
0
0
0
0
0
0
0
0
0
0
0
0
0
0
0
0
0
0
0
0
0
0
0
0
0
0
0
0
0
0
0
0
0
0
0
0
0
0
0
0
0
0
0
0
0
0
0
0
0
0
0
0
0
0
0
0
0
0
0
0
0
0
0
0
0
0
0
0
0
0
0
0
0
0
0
0
0
0
0
1
