
000000000000000000000
000000000000000000000
000000000000000000000
000000000000000000000
000000000000000000000
000000000000000000000
000000000000000000000
000000000000000000000
000000000000000000000
000000000000000000000
000000000000000000000
000000000000000000000
000000000000000000000
000000000000000000000
000000000000000000000
000000000000000000000
000000000000000000000
000000000000000000000
000000000000000000000
000000000000000000000
000000000000000000000

000000000000000000000
000000000000000000000
000000000000000000000
000000000000000000000
000000000000000000000
000000000000000000000
000000000000000000000
000000000000000000000
000000000000000000000
000000000000000000000
000000000000000000000
000000000000000000000
000000000000000000000
000000000000000000000
000000000000000000000
000000000000000000000
000000000000000000000
000000000000000000000
000000000000000000000
000000000000000000000
000000000000000000000

000000000000000000000
000000000000000000000
000000000000000000000
000000000000000000000
000000000000000000000
000000000000000000000
000000000000000000000
000000000000000000000
000000000000000000000
000000000000000000000
000000000000000000000
000000000000000000000
000000000000000000000
000000000000000000000
000000000000000000000
000000000000000000000
000000000000000000000
000000000000000000000
000000000000000000000
000000000000000000000
000000000000000000000

000000000000000000000
000000000000000000000
000000000000000000000
000000000000000000000
000000000000000000000
000000000000000000000
000000000000000000000
000000000000000000000
000000000000000000000
000000000000000000000
000000000000000000000
000000000000000000000
000000000000000000000
000000000000000000000
000000000000000000000
000000000000000000000
000000000000000000000
000000000000000000000
000000000000000000000
000000000000000000000
000000000000000000000

000000000000000000000
000000000000000000000
000000000000000000000
000000000000000000000
000000000000000000000
000000000000000000000
000000000000000000000
000000000000000000000
000000000000000000000
000000000000000000000
000000000000000000000
000000000000000000000
000000000000000000000
000000000000000000000
000000000000000000000
000000000000000000000
000000000000000000000
000000000000000000000
000000000000000000000
000000000000000000000
000000000000000000000

000000000000000000000
000000000000000000000
000000000000000000000
000000000000000000000
000000000000000000000
000000000000000000000
000000000000000000000
000000000000000000000
000000000000000000000
000000000000000000000
000000000010000000000
000000000000000000000
000000000000000000000
000000000000000000000
000000000000000000000
000000000000000000000
000000000000000000000
000000000000000000000
000000000000000000000
000000000000000000000
000000000000000000000

000000000000000000000
000000000000000000000
000000000000000000000
000000000000000000000
000000000000000000000
000000000000000000000
000000000000000000000
000000000000000000000
000000000000000000000
000000000244000000000
000000000412000000000
000000000431000000000
000000000000000000000
000000000000000000000
000000000000000000000
000000000000000000000
000000000000000000000
000000000000000000000
000000000000000000000
000000000000000000000
000000000000000000000

000000000000000000000
000000000000000000000
000000000000000000000
000000000000000000000
000000000000000000000
000000000000000000000
000000000000000000000
000000000000000000000
000000002141400000000
000000001122200000000
000000001311100000000
000000004122100000000
000000001415100000000
000000000000000000000
000000000000000000000
000000000000000000000
000000000000000000000
000000000000000000000
000000000000000000000
000000000000000000000
000000000000000000000

000000000000000000000
000000000000000000000
000000000000000000000
000000000000000000000
000000000000000000000
000000000000000000000
000000000000000000000
000000041113410000000
000000021114210000000
000000011444410000000
000000012144310000000
000000031111250000000
000000043132120000000
000000012413120000000
000000000000000000000
000000000000000000000
000000000000000000000
000000000000000000000
000000000000000000000
000000000000000000000
000000000000000000000

000000000000000000000
000000000000000000000
000000000000000000000
000000000000000000000
000000000000000000000
000000000000000000000
000000311142111000000
000000142114243000000
000000313243444000000
000000442411412000000
000000321513243000000
000000311111144000000
000000111134344000000
000000232121141000000
000000231412242000000
000000000000000000000
000000000000000000000
000000000000000000000
000000000000000000000
000000000000000000000
000000000000000000000

000000000000000000000
000000000000000000000
000000000000000000000
000000000000000000000
000000000000000000000
000000142121211000000
000003111224412100000
000001213115142400000
000002141141222400000
000002442311112100000
000004552242214200000
000002124424421400000
000001244131113100000
000003141145444400000
000004111443344100000
000000114511423000000
000000000000000000000
000000000000000000000
000000000000000000000
000000000000000000000
000000000000000000000

000000000000000000000
000000000000000000000
000000000000000000000
000000000000000000000
000000112231211000000
000000124122221400000
000002143411434100000
000014424321114420000
000011144321114310000
000022641112223430000
000011321232115210000
000021114114122420000
000022224143121120000
000021414244421210000
000011413342441410000
000003152142412400000
000000122441422000000
000000000000000000000
000000000000000000000
000000000000000000000
000000000000000000000

000000000000000000000
000000000000000000000
000000000000000000000
000000012424210000000
000001132122112100000
000003421114241410000
000024424211131130000
000114244431114113000
000033234115441241000
000212411241444422000
000413213311442122000
000112141324434441000
000134114114224312000
000014241241144242000
000034214224431140000
000002141444421200000
000000244144614000000
000000024311111000000
000000000000000000000
000000000000000000000
000000000000000000000

000000000000000000000
000000000000000000000
000000000313100000000
000000042432411100000
000001342444411100000
000023114421211210000
000134111231221211000
000431143144422424200
000213421342443344100
000434254231144144100
001111111132434431200
002434231534412513200
000244241142114433100
000214444444431112100
000241414211143421000
000013131144314430000
000001225112424000000
000000024211411000000
000000001345320000000
000000000000000000000
000000000000000000000

000000000000000000000
000000001140100000000
000000121444101000000
000000143244422100000
000012441144141212000
000124314314112211000
001124443424442142100
001434411443414212000
000444454441121141010
012214241421414241430
044143114213444412200
014444412142244414120
012224432232334144100
000214124212212342100
001111444441112442100
000133324111144540000
000013314144243420000
000002341114413000000
000000024321100000000
000000001230100000000
000000000000000000000

000000000141000000000
044444445444444444440
044445444444444444440
044444444444444444440
044444465444444454440
044444444444444444440
044444444444444444540
144544444444544455440
044444444444444444440
044444444444444445441
444444444444444444442
244444444444444444542
044444444544544444440
044454445444444444440
144444444454445444440
044444444444444454440
044444444444444444440
044444444444454544540
044444444444444445440
044444444444444444540
000000000040000000000
 
Total grains in the pile: 4122
