0
0
0
0
5836
5095
15447
11637
12361
8605
7409
5739
3949
3890
1290
999
794
607
585
474
444
450
379
340
325
305
295
279
264
241
215
227
227
216
199
206
168
167
181
167
144
150
137
143
124
133
132
115
112
125
124
120
106
98
100
101
120
91
102
107
107
83
96
76
97
73
84
80
72
85
86
87
62
73
72
58
78
67
58
71
60
63
55
55
62
67
52
56
55
46
45
63
56
54
45
42
64
43
42
38
51
36
41
46
34
50
50
46
54
28
37
44
43
29
33
47
34
41
40
32
44
29
38
25
47
42
28
32
28
47
31
29
26
32
30
32
35
32
30
30
24
27
26
26
28
28
23
23
19
25
22
31
31
17
25
24
24
23
32
20
19
21
19
25
18
26
21
25
25
15
21
17
29
17
24
20
18
16
21
20
17
23
18
19
22
13
15
16
29
22
18
21
17
16
13
17
10
17
8
16
13
20
19
17
26
18
16
19
18
14
8
27
13
12
13
14
15
20
19
17
17
14
11
21
13
17
14
11
18
11
10
10
12
19
12
14
10
18
12
17
16
10
9
11
8
15
9
7
11
13
12
12
9
13
7
9
6
14
11
11
9
7
11
11
9
10
8
8
5
10
12
15
9
13
7
8
6
9
10
5
9
12
8
8
7
9
10
11
10
10
9
4
11
4
7
6
5
8
3
5
7
6
6
9
14
7
11
7
6
4
6
7
9
6
5
7
4
5
9
7
9
7
5
7
7
9
6
6
7
4
5
3
4
6
8
8
5
9
4
4
3
6
3
6
4
6
7
6
5
5
5
3
6
6
3
6
3
4
8
3
3
1
3
6
7
7
2
6
5
2
3
4
6
3
2
7
4
5
4
5
5
5
3
4
3
7
2
2
5
5
2
2
2
5
4
7
5
0
1
1
2
6
1
4
2
6
1
4
1
2
6
4
1
2
6
6
2
3
5
2
4
3
3
3
1
3
1
0
5
2
7
7
1
4
7
1
1
2
1
2
4
6
4
5
2
4
5
2
1
3
3
2
4
2
5
4
2
1
0
4
1
4
2
3
0
1
2
5
4
1
2
2
4
2
4
2
2
3
2
2
3
3
1
1
4
0
0
1
1
3
4
1
2
4
0
6
2
2
3
2
1
2
0
0
4
1
1
1
2
1
2
1
2
3
3
1
2
1
0
2
2
1
1
2
1
1
4
0
3
3
1
1
0
2
1
3
2
2
2
1
1
0
2
2
2
1
0
2
1
1
1
1
2
1
1
0
1
2
0
1
1
1
1
1
0
3
1
1
0
0
1
1
1
1
1
1
2
1
2
2
1
1
1
2
3
1
1
0
0
0
0
0
1
0
1
0
2
0
1
0
0
1
1
0
2
2
0
2
0
0
0
1
0
0
1
0
1
0
1
0
0
0
1
0
0
0
0
2
0
0
0
0
0
2
0
0
2
2
1
1
1
1
1
1
1
0
0
0
1
1
0
0
1
1
0
0
1
0
0
1
0
1
0
1
0
0
2
0
0
1
2
2
1
3
0
1
0
0
0
0
1
0
1
0
1
0
2
0
1
2
1
0
1
0
0
1
0
1
0
1
0
0
1
2
1
0
0
1
0
2
1
0
0
0
0
0
0
0
2
1
0
1
0
0
0
1
0
0
1
0
0
1
0
0
0
0
0
1
1
0
0
0
1
0
0
0
0
1
0
0
0
0
0
1
0
0
1
0
0
1
1
0
1
2
1
0
0
0
1
0
0
0
1
1
1
0
0
1
0
0
0
0
1
1
2
0
0
1
0
0
1
0
1
0
0
1
0
0
0
0
0
0
0
0
1
1
0
0
0
0
0
0
0
0
2
0
0
0
0
1
0
0
0
0
1
0
0
0
0
1
0
0
0
0
1
0
0
0
0
1
1
0
0
0
0
0
0
0
0
0
0
0
0
0
0
0
0
0
0
0
0
0
0
1
0
0
0
0
2
0
0
0
0
0
0
0
0
0
0
0
0
0
0
0
0
0
0
0
1
0
0
0
0
0
0
0
0
1
0
1
0
0
0
0
0
0
0
0
0
0
0
0
0
0
0
0
0
0
0
0
0
0
0
0
0
0
0
0
0
0
0
0
0
0
1
0
0
0
0
0
0
0
0
0
0
0
0
1
0
0
0
0
0
0
0
0
0
0
0
0
0
0
1
0
0
0
0
1
0
0
0
0
0
0
0
0
0
0
0
0
0
0
0
0
0
0
0
0
0
0
0
0
0
0
2
1
0
1
1
0
2
0
1
0
0
0
1
0
0
0
0
0
0
1
0
1
0
0
0
0
0
0
0
0
0
0
0
0
0
0
0
0
0
0
0
0
0
0
0
0
0
0
0
1
0
0
0
0
0
0
0
0
0
0
0
0
0
0
0
1
0
0
0
0
0
0
0
0
0
0
0
0
0
0
0
0
0
0
0
1
0
0
1
0
0
0
0
0
0
0
1
0
0
0
0
0
0
0
0
0
0
0
0
0
1
0
0
0
0
0
0
0
0
0
0
0
0
0
0
0
0
0
0
0
0
0
0
0
0
0
0
0
0
0
0
0
0
0
0
0
0
0
0
0
0
0
1
0
0
0
0
0
0
0
0
0
0
0
0
0
0
0
0
0
0
0
0
0
0
0
0
0
0
0
0
0
0
0
0
0
0
0
0
0
0
0
0
0
0
0
0
0
0
0
0
0
0
0
0
0
0
0
0
0
0
0
0
0
0
0
0
0
0
0
0
0
0
0
0
0
0
0
0
0
0
0
0
0
0
0
0
0
0
0
0
0
0
0
0
0
0
0
0
0
0
0
0
0
0
0
0
0
0
0
0
1
0
0
0
0
0
0
0
0
0
0
0
0
0
0
0
0
0
0
0
0
0
0
0
0
0
0
0
0
1
0
0
0
0
0
0
0
0
0
0
0
0
0
0
0
0
0
0
0
0
0
0
0
0
0
0
0
0
0
0
0
0
0
0
0
0
0
0
0
0
0
0
0
0
0
0
0
0
0
0
0
0
0
0
0
0
0
0
0
0
0
0
0
0
0
0
0
0
0
0
0
0
0
0
0
0
0
0
0
0
0
0
0
0
0
0
0
0
0
0
0
0
0
0
0
0
0
0
0
0
0
0
0
0
0
0
0
0
0
0
0
0
0
0
0
0
0
0
0
0
0
0
0
0
0
0
0
0
0
0
0
0
1
0
0
0
0
0
0
0
0
0
0
0
0
0
0
0
0
0
0
0
0
0
0
0
0
0
0
0
0
0
0
0
0
0
0
0
0
0
0
0
0
0
0
0
0
0
0
0
0
0
0
0
0
0
0
0
0
0
0
0
0
0
0
0
0
0
0
0
0
0
0
0
0
0
0
0
0
0
0
0
0
0
0
0
0
0
0
0
0
0
0
0
0
0
0
0
0
0
0
0
0
0
0
0
1
