
000000000000000000000
000000000000000000000
000000000000000000000
000000000000000000000
000000000000000000000
000000000000000000000
000000000000000000000
000000000000000000000
000000000000000000000
000000000000000000000
000000000000000000000
000000000000000000000
000000000000000000000
000000000000000000000
000000000000000000000
000000000000000000000
000000000000000000000
000000000000000000000
000000000000000000000
000000000000000000000
000000000000000000000

000000000000000000000
000000000000000000000
000000000000000000000
000000000000000000000
000000000000000000000
000000000000000000000
000000000000000000000
000000000000000000000
000000000000000000000
000000000000000000000
000000000000000000000
000000000000000000000
000000000000000000000
000000000000000000000
000000000000000000000
000000000000000000000
000000000000000000000
000000000000000000000
000000000000000000000
000000000000000000000
000000000000000000000

000000000000000000000
000000000000000000000
000000000000000000000
000000000000000000000
000000000000000000000
000000000000000000000
000000000000000000000
000000000000000000000
000000000000000000000
000000000000000000000
000000000000000000000
000000000000000000000
000000000000000000000
000000000000000000000
000000000000000000000
000000000000000000000
000000000000000000000
000000000000000000000
000000000000000000000
000000000000000000000
000000000000000000000

000000000000000000000
000000000000000000000
000000000000000000000
000000000000000000000
000000000000000000000
000000000000000000000
000000000000000000000
000000000000000000000
000000000000000000000
000000000000000000000
000000000000000000000
000000000000000000000
000000000000000000000
000000000000000000000
000000000000000000000
000000000000000000000
000000000000000000000
000000000000000000000
000000000000000000000
000000000000000000000
000000000000000000000

000000000000000000000
000000000000000000000
000000000000000000000
000000000000000000000
000000000000000000000
000000000000000000000
000000000000000000000
000000000000000000000
000000000000000000000
000000000000000000000
000000000000000000000
000000000000000000000
000000000000000000000
000000000000000000000
000000000000000000000
000000000000000000000
000000000000000000000
000000000000000000000
000000000000000000000
000000000000000000000
000000000000000000000

000000000000000000000
000000000000000000000
000000000000000000000
000000000000000000000
000000000000000000000
000000000000000000000
000000000000000000000
000000000000000000000
000000000000000000000
000000000000000000000
000000000000000000000
000000000000000000000
000000000000000000000
000000000000000000000
000000000000000000000
000000000000000000000
000000000000000000000
000000000000000000000
000000000000000000000
000000000000000000000
000000000000000000000

000000000000000000000
000000000000000000000
000000000000000000000
000000000000000000000
000000000000000000000
000000000000000000000
000000000000000000000
000000000000000000000
000000000000000000000
000000000000000000000
000000000001000000000
000000000000000000000
000000000000000000000
000000000000000000000
000000000000000000000
000000000000000000000
000000000000000000000
000000000000000000000
000000000000000000000
000000000000000000000
000000000000000000000

000000000000000000000
000000000000000000000
000000000000000000000
000000000000000000000
000000000000000000000
000000000000000000000
000000000000000000000
000000000000000000000
000000000000000000000
000000000021000000000
000000000111000000000
000000000000000000000
000000000000000000000
000000000000000000000
000000000000000000000
000000000000000000000
000000000000000000000
000000000000000000000
000000000000000000000
000000000000000000000
000000000000000000000

000000000000000000000
000000000000000000000
000000000000000000000
000000000000000000000
000000000000000000000
000000000000000000000
000000000000000000000
000000000001000000000
000000000003030000000
000000000111110000000
000000000001110000000
000000001001000000000
000000000000000000000
000000000000000000000
000000000000000000000
000000000000000000000
000000000000000000000
000000000000000000000
000000000000000000000
000000000000000000000
000000000000000000000

000000000000000000000
000000000000000000000
000000000000000000000
000000000000000000000
000000000000000000000
000000000000000000000
000000000002000000000
000000000000310000000
000000001100010000000
000000111111001000000
000000100010224000000
000000000102100000000
000000000000020000000
000000000000000000000
000000000000000000000
000000000000000000000
000000000000000000000
000000000000000000000
000000000000000000000
000000000000000000000
000000000000000000000

000000000000000000000
000000000000000000000
000000000000000000000
000000000000000000000
000000000000000000000
000000000112000000000
000000000301000000000
000000111110320000000
000001001010010100000
000001101100400000000
000000120100242100000
000000100001124100000
000000001011110000000
000000000000000000000
000000000000000000000
000000000000000000000
000000000000000000000
000000000000000000000
000000000000000000000
000000000000000000000
000000000000000000000

000000000000000000000
000000000000000000000
000000000000000000000
000000000000000000000
000000000000000000000
000000000013100000000
000000011100020000000
000000032210010000000
000001101000001200000
000010110210211000000
000012121000041000000
000011101220022010000
000002112301220300000
000000001400100010000
000000002002100000000
000000000000000000000
000000000000000000000
000000000000000000000
000000000000000000000
000000000000000000000
000000000000000000000

000000000000000000000
000000000000000000000
000000000000000000000
000000000000000000000
000000000111000000000
000000000120000000000
000001002142020000000
000000211120010000000
000021322020012030000
000000010004232011000
000003011020114042000
000222133110412011000
000000010211121210000
000000014131011100000
000000001110010000000
000000000200010000000
000000000000000000000
000000000000000000000
000000000000000000000
000000000000000000000
000000000000000000000

000000000000000000000
000000000000000000000
000000000000000000000
000000000120000000000
000000021110000000000
000000001102201000000
000001402120010100000
000001200012200100000
000011100011112120000
000212020211221320000
000101001001044140000
000144020030010500000
000010321100220200000
000012101110101000000
000000003001111000000
000000000021100000000
000000000000000000000
000000000010000000000
000000000000000000000
000000000000000000000
000000000000000000000

000000000000000000000
000000000011000000000
000000001221000000000
000000100100020000000
000000110301200000000
000000212003100100000
000100411101011301000
000024010213413111000
000110140002312000000
001241100121302010000
001212111414404400310
000201221010101141100
002100100110223021000
001110004424401010000
000002222100012310000
000001031111411000000
000000010310001100000
000000001140120000000
000000001320010000000
000000001010000000000
000000000000000000000

000000000041000000000
044444444444444444400
044444444444444444440
044444445445455444440
044444544444444444440
044444444444444444440
045444445444444444440
044445444454444444440
044444444444454444552
044444444444444444442
344444444444444444444
044444444444544444441
244444444445444444440
044444444444444444440
044444444444444454440
044544444444444444440
044444444444444444440
044444444444544445440
044544444444444444440
044444444444444444310
000000010140100000000
 
Total grains in the pile: 2208
