0
0
0
0
0
5
34
88
423
687
1854
3634
9116
35804
1239
2190
1984
1896
1741
1772
1688
1587
1550
1504
1429
1345
1297
1260
1228
1172
1208
1102
1033
1007
1013
890
839
792
789
759
747
695
654
631
545
520
555
496
470
435
375
386
355
364
330
324
292
277
278
266
237
229
227
163
179
170
175
162
158
146
141
115
111
107
114
95
111
101
81
73
87
66
83
57
59
60
56
58
58
51
52
53
35
54
42
31
35
42
23
41
36
23
33
30
26
20
24
24
31
21
23
14
17
18
28
16
15
18
13
13
18
13
15
24
10
13
14
23
10
7
11
14
9
16
9
11
5
9
6
9
12
13
6
12
9
6
8
10
2
9
5
6
7
8
3
7
7
10
5
7
8
11
5
2
4
3
5
4
6
4
2
2
6
1
2
4
6
5
4
4
6
4
1
3
2
3
1
2
2
3
2
4
1
1
3
7
2
2
1
1
1
1
3
1
2
2
5
1
4
1
2
3
6
1
1
2
1
3
1
2
2
1
2
2
2
1
1
3
0
1
0
3
2
0
1
1
1
0
1
0
1
2
3
0
1
2
2
0
0
2
0
4
0
0
1
0
0
1
0
1
1
0
0
0
2
0
0
0
0
1
1
1
1
0
1
0
2
1
0
0
0
2
0
0
0
2
1
0
0
2
0
0
0
1
0
0
0
0
1
0
0
0
0
0
0
1
0
0
0
2
0
0
0
0
0
1
1
0
0
0
1
0
1
0
0
0
0
0
2
0
1
0
0
0
0
0
0
1
0
0
0
0
0
0
0
0
0
0
0
1
0
0
0
0
0
0
1
0
0
0
0
0
0
0
0
0
1
0
0
0
0
0
0
0
0
0
0
0
0
1
0
0
0
0
0
0
0
1
0
0
0
0
0
0
0
0
0
0
0
0
0
0
0
0
0
0
0
0
0
0
1
0
0
0
0
0
0
0
1
0
0
0
0
0
0
0
0
0
0
0
0
0
0
1
0
0
0
0
0
0
0
0
0
0
0
0
0
0
0
0
0
0
0
0
0
0
0
0
0
0
0
0
0
0
0
0
0
0
0
0
0
0
0
0
0
0
0
0
0
0
0
0
0
0
0
0
0
0
0
0
1
0
0
0
0
0
0
0
0
0
0
0
0
0
0
0
0
0
0
0
0
0
0
0
0
0
0
0
0
0
0
0
0
0
0
0
0
0
0
0
0
0
0
0
0
0
0
0
0
0
0
0
0
0
0
0
0
0
0
0
0
0
0
0
0
0
0
0
0
0
0
0
0
0
0
0
0
0
0
0
0
0
0
0
0
0
0
0
0
0
0
0
0
0
0
0
0
1
