
000000000000000000000
000000000000000000000
000000000000000000000
000000000000000000000
000000000000000000000
000000000000000000000
000000000000000000000
000000000000000000000
000000000000000000000
000000000000000000000
000000000000000000000
000000000000000000000
000000000000000000000
000000000000000000000
000000000000000000000
000000000000000000000
000000000000000000000
000000000000000000000
000000000000000000000
000000000000000000000
000000000000000000000

000000000000000000000
000000000000000000000
000000000000000000000
000000000000000000000
000000000000000000000
000000000000000000000
000000000000000000000
000000000000000000000
000000000000000000000
000000000000000000000
000000000000000000000
000000000000000000000
000000000000000000000
000000000000000000000
000000000000000000000
000000000000000000000
000000000000000000000
000000000000000000000
000000000000000000000
000000000000000000000
000000000000000000000

000000000000000000000
000000000000000000000
000000000000000000000
000000000000000000000
000000000000000000000
000000000000000000000
000000000000000000000
000000000000000000000
000000000000000000000
000000000000000000000
000000000000000000000
000000000000000000000
000000000000000000000
000000000000000000000
000000000000000000000
000000000000000000000
000000000000000000000
000000000000000000000
000000000000000000000
000000000000000000000
000000000000000000000

000000000000000000000
000000000000000000000
000000000000000000000
000000000000000000000
000000000000000000000
000000000000000000000
000000000000000000000
000000000000000000000
000000000000000000000
000000000000000000000
000000000000000000000
000000000000000000000
000000000000000000000
000000000000000000000
000000000000000000000
000000000000000000000
000000000000000000000
000000000000000000000
000000000000000000000
000000000000000000000
000000000000000000000

000000000000000000000
000000000000000000000
000000000000000000000
000000000000000000000
000000000000000000000
000000000000000000000
000000000000000000000
000000000000000000000
000000000000000000000
000000000000000000000
000000000000000000000
000000000000000000000
000000000000000000000
000000000000000000000
000000000000000000000
000000000000000000000
000000000000000000000
000000000000000000000
000000000000000000000
000000000000000000000
000000000000000000000

000000000000000000000
000000000000000000000
000000000000000000000
000000000000000000000
000000000000000000000
000000000000000000000
000000000000000000000
000000000000000000000
000000000000000000000
000000000000000000000
000000000000000000000
000000000000000000000
000000000000000000000
000000000000000000000
000000000000000000000
000000000000000000000
000000000000000000000
000000000000000000000
000000000000000000000
000000000000000000000
000000000000000000000

000000000000000000000
000000000000000000000
000000000000000000000
000000000000000000000
000000000000000000000
000000000000000000000
000000000000000000000
000000000000000000000
000000000000000000000
000000000104000000000
000000000010000000000
000000000342000000000
000000000000000000000
000000000000000000000
000000000000000000000
000000000000000000000
000000000000000000000
000000000000000000000
000000000000000000000
000000000000000000000
000000000000000000000

000000000000000000000
000000000000000000000
000000000000000000000
000000000000000000000
000000000000000000000
000000000000000000000
000000000000000000000
000000000000000000000
000000001303200000000
000000001124400000000
000000001131600000000
000000001013200000000
000000001000000000000
000000000000000000000
000000000000000000000
000000000000000000000
000000000000000000000
000000000000000000000
000000000000000000000
000000000000000000000
000000000000000000000

000000000000000000000
000000000000000000000
000000000000000000000
000000000000000000000
000000000000000000000
000000000000000000000
000000000000000000000
000000010001010000000
000000011120210000000
000000085003550000000
000000001462540000000
000000046010240000000
000000010210100000000
000000001014300000000
000000000000000000000
000000000000000000000
000000000000000000000
000000000000000000000
000000000000000000000
000000000000000000000
000000000000000000000

000000000000000000000
000000000000000000000
000000000000000000000
000000000000000000000
000000000000000000000
000000000000000000000
000000002011120000000
000000011200200000000
000000212002242000000
000000040530055000000
000000301521300000000
000000230102112000000
000000032382402000000
000000151012412000000
000000311014001000000
000000000000000000000
000000000000000000000
000000000000000000000
000000000000000000000
000000000000000000000
000000000000000000000

000000000000000000000
000000000000000000000
000000000000000000000
000000000000000000000
000000000000000000000
000000132320020100000
000000140024120000000
000001116111444000000
000002421624204100000
000005111084150100000
000000100215120200000
000002022265114400000
000005131221030000000
000000211020022200000
000000220300041000000
000000002020001000000
000000000000000000000
000000000000000000000
000000000000000000000
000000000000000000000
000000000000000000000

000000000000000000000
000000000000000000000
000000000000000000000
000000000000000000000
000000100300400000000
000001002500221000000
000001200382221200000
000011110101104210000
000021025141211140000
000014422054110050000
000011013001412000000
000003010251212010000
000044045223121000000
000004212220313200000
000001420457000100000
000001340503101000000
000000011211400000000
000000000000000000000
000000000000000000000
000000000000000000000
000000000000000000000

000000000000000000000
000000000000000000000
000000000000000000000
000000000030000000000
000000012302300000000
000011144101220001000
000006100040001510000
000112052213010000000
000205500011450200000
000212500581142461000
000000002402140033000
000023230419210101000
000111104510502113000
000020201119120100000
000003000220101000000
000010311201211100000
000000000114211000000
000000000147100000000
000000000000000000000
000000000000000000000
000000000000000000000

000000000000000000000
000000000000000000000
000000001010000000000
000000001200101000000
000001025154111100000
000003124031360300000
000010200110445100000
000121120810120032000
000334442440812300000
001131200702303000000
001131564064624432200
000113100236500213000
000010411420420111000
000151460905171322000
000014704234431000100
000000124100222110000
000000130113631000000
000000025008110000000
000000000141000000000
000000000000000000000
000000000000000000000

000000000000000000000
000000000040000000000
000000010215000000000
000000011024322000000
000000250000102100000
000015406322215010000
000005011171440541000
002111240047315632000
000031111201403025000
012242325522343010300
035002612014428410510
001013521121165414210
000114151041138044100
000291204052713021000
000121244920344411000
000013425155511210000
000000151115460000100
000000344405300000000
000000013543000000000
000000000253000000000
000000000000000000000

000000001133000000000
035445899764869555420
0445494464588646541050
08675489104455511554440
044644464665456644470
057451144476741010446440
01084447444411464768440
057485644866488477441
164788485564449585441
085574656585445544441
2444545888848555106464
0554144454566546566580
0124475454444444648440
0566944476654456164851
05484444994611410754480
176465498874544775840
0445695554495411546680
045464698445744596540
0595454558545454551050
024988866545449544730
000000001040100000000
 
Total grains in the pile: 3983
