0
0
0
0
1527
1677
2937
3211
5949
5451
10811
18500
9363
14089
2014
1420
1024
833
752
706
666
626
561
554
551
522
489
458
505
404
439
389
398
384
405
334
333
296
302
302
264
280
278
219
247
227
231
228
200
207
221
205
189
185
146
163
162
165
152
143
134
143
136
129
117
130
123
98
111
122
113
94
101
75
78
81
73
87
70
71
75
67
73
67
61
71
68
65
64
66
47
45
59
55
46
48
60
57
46
65
45
36
44
36
38
37
42
46
42
38
24
44
39
30
32
26
46
20
43
26
22
36
34
27
34
31
26
29
22
24
30
26
24
28
17
30
19
15
18
26
13
22
24
27
22
18
18
20
26
13
29
13
12
12
18
13
18
14
16
14
19
24
17
19
14
16
11
16
9
13
21
15
15
18
10
17
17
15
6
14
13
12
5
11
12
11
11
7
14
14
12
9
13
4
9
15
13
14
12
11
9
5
12
7
7
11
8
10
5
11
9
12
10
11
6
12
9
12
8
11
10
8
11
7
9
9
6
7
10
2
8
5
3
5
5
7
11
13
6
6
4
3
5
8
5
4
12
3
8
6
4
2
6
7
4
5
8
7
5
6
8
7
4
3
2
3
7
5
5
2
5
5
3
4
7
5
3
5
2
2
1
3
4
5
2
7
3
3
3
8
5
4
4
3
5
5
5
9
4
7
3
3
3
5
3
0
4
4
5
2
3
10
4
1
2
3
2
2
9
4
0
4
3
3
2
4
1
2
2
6
3
5
2
6
5
2
4
2
3
3
5
8
1
2
2
4
3
2
5
3
0
0
4
1
3
3
3
2
2
1
2
0
3
1
3
3
4
1
3
0
2
5
3
3
2
2
3
1
4
2
2
0
0
2
3
0
3
4
4
3
4
1
3
2
1
1
0
3
2
4
2
0
0
3
0
4
2
0
1
0
0
3
2
3
1
0
4
2
2
0
0
0
2
2
2
1
3
1
2
1
3
3
4
1
2
1
3
1
1
4
2
1
4
2
6
1
3
0
1
1
2
1
2
1
0
0
1
4
2
1
0
0
0
2
0
0
0
2
2
2
0
2
1
1
3
1
2
1
0
2
1
2
1
1
2
1
0
1
1
1
1
0
1
0
1
2
1
1
2
0
2
0
2
2
1
2
0
1
0
0
0
2
1
0
0
0
1
2
2
0
1
1
1
1
0
4
0
0
0
1
1
1
2
1
1
1
0
0
0
1
1
2
1
0
1
2
0
2
1
2
1
0
3
0
0
1
0
0
2
0
1
0
0
0
1
3
1
1
0
0
1
1
0
1
0
1
1
0
0
0
0
0
0
0
1
1
2
0
1
0
1
1
0
1
0
1
2
1
0
1
0
1
0
0
1
0
2
1
0
1
0
0
1
1
0
0
0
1
0
2
1
0
2
0
1
1
1
0
0
1
2
0
1
1
0
1
0
2
2
0
1
0
1
1
0
0
0
0
0
0
0
0
0
0
0
0
0
0
1
1
1
3
0
0
1
0
1
2
1
0
0
0
2
1
0
2
1
0
0
1
0
1
2
0
0
0
0
0
0
1
1
2
0
1
0
0
0
0
0
1
0
0
0
1
0
0
3
0
0
0
0
0
1
0
1
0
0
1
0
2
1
1
0
0
0
1
0
0
0
1
2
1
0
0
0
1
1
1
0
0
0
0
0
1
1
0
2
1
1
2
0
1
0
0
0
0
0
0
1
0
0
1
0
1
0
1
0
1
1
1
0
0
0
0
0
0
2
0
0
0
0
1
0
0
0
0
0
0
0
0
0
0
0
0
0
0
0
0
0
0
0
1
0
0
0
1
0
1
0
0
0
0
0
1
0
0
0
1
0
0
0
0
1
0
0
0
0
0
0
0
0
0
0
0
0
0
0
0
0
0
0
0
0
0
0
0
1
0
0
0
0
1
0
0
0
0
0
0
0
1
0
0
0
0
0
0
0
0
0
1
0
0
0
0
0
0
0
0
0
0
0
0
0
0
0
0
0
0
0
0
0
0
1
1
0
0
0
0
0
1
0
0
0
0
0
0
0
0
0
0
1
0
0
0
0
0
0
0
0
0
0
1
0
0
0
0
0
0
0
0
0
0
0
1
0
0
0
0
0
0
0
0
0
0
0
0
0
0
0
0
0
0
0
0
0
0
1
0
0
0
1
0
0
0
0
1
0
0
0
0
0
0
1
0
0
1
0
0
0
0
0
0
0
0
0
0
0
0
0
1
0
0
0
0
0
1
0
0
0
0
0
0
0
0
0
1
0
0
0
0
0
0
0
0
0
0
0
1
0
0
0
0
1
0
1
0
0
0
0
0
0
0
0
1
0
0
0
0
0
0
0
1
0
0
1
0
0
0
0
0
0
0
0
1
0
0
0
0
0
0
0
0
0
0
0
1
0
0
0
0
0
0
0
0
0
1
0
0
0
0
0
0
0
0
1
0
0
0
0
0
0
1
0
0
0
0
0
0
0
0
0
0
0
0
0
0
0
0
0
0
0
0
0
0
0
0
0
0
0
0
0
0
0
0
0
0
0
0
0
0
0
1
0
0
0
0
0
0
0
0
0
0
0
0
0
0
0
0
0
0
0
0
0
0
0
0
0
0
0
0
0
0
0
0
0
0
1
0
0
0
0
0
1
0
0
0
0
0
0
0
0
0
0
0
0
0
0
0
0
0
0
0
0
0
0
0
0
0
0
0
0
0
0
0
0
0
0
0
0
0
1
0
0
1
0
0
0
0
0
0
0
0
0
0
1
0
0
0
0
0
0
0
0
0
0
0
0
0
0
0
0
0
0
0
0
0
0
0
0
0
1
0
0
0
0
0
1
0
0
0
0
0
0
0
0
0
0
0
0
0
0
0
0
0
0
0
0
0
0
0
0
0
0
0
0
0
0
0
0
0
0
0
0
0
0
0
0
0
0
0
0
0
0
0
0
0
0
0
0
0
0
0
0
0
0
0
0
0
0
0
0
0
0
0
0
0
0
0
0
0
0
0
0
0
0
0
0
1
0
0
0
0
0
0
0
0
0
1
0
0
0
0
0
0
1
0
0
0
0
0
0
0
0
0
0
0
0
0
0
0
0
1
0
0
0
0
0
0
0
0
0
0
1
0
0
0
0
0
0
0
0
0
0
0
0
0
0
0
0
0
0
0
0
0
0
0
0
0
0
0
0
0
0
0
0
0
0
0
0
0
0
0
0
0
0
0
0
0
1
0
0
0
0
0
0
0
1
0
0
0
0
0
0
0
0
0
0
0
0
1
0
0
0
0
0
0
0
0
0
0
0
0
0
0
0
0
0
0
0
0
0
0
0
0
0
0
0
0
0
0
0
0
0
0
0
0
0
0
0
0
0
0
0
0
0
0
0
0
0
0
0
0
0
0
0
0
0
0
0
0
0
0
0
0
0
0
0
0
0
0
0
0
0
0
0
0
0
0
0
0
0
0
0
0
0
0
0
0
0
0
0
0
0
0
0
0
0
0
0
0
0
0
0
0
0
0
0
0
1
0
0
0
0
0
0
0
0
0
0
0
1
0
0
0
0
1
0
0
0
0
0
0
0
0
0
0
0
0
0
0
0
0
0
0
0
0
0
0
0
0
0
0
0
0
0
0
0
0
0
0
0
0
0
0
0
0
0
0
0
0
0
0
0
0
0
0
0
0
0
0
0
0
0
0
0
0
0
0
0
0
0
0
0
0
0
0
0
0
0
0
0
0
0
0
0
0
0
0
0
0
0
0
0
0
0
0
0
0
0
0
0
0
0
0
0
0
0
0
0
0
0
0
0
0
0
0
0
0
0
0
0
0
0
0
0
0
0
0
0
0
0
0
0
0
0
0
0
0
0
0
0
0
0
0
0
0
0
0
0
0
0
0
0
0
0
0
0
0
0
0
0
0
0
0
0
0
0
0
1
0
0
0
0
0
0
0
0
0
1
0
0
0
0
0
0
0
0
0
0
0
0
0
0
0
0
0
0
0
0
0
0
0
0
0
0
0
0
0
0
0
0
0
0
0
0
0
0
0
0
0
0
0
0
0
0
0
0
0
0
0
0
0
0
0
0
0
0
0
0
0
0
0
0
1
0
0
0
0
0
0
0
0
0
0
0
0
0
0
0
0
0
0
0
0
0
0
0
0
0
0
0
0
0
0
0
0
0
0
0
0
0
0
0
0
0
0
0
0
0
0
0
0
0
0
0
0
0
0
0
0
0
0
0
0
0
0
0
0
0
0
0
0
0
0
0
0
0
0
0
0
0
0
0
0
0
0
0
0
0
0
0
0
0
0
0
0
0
0
0
0
0
0
0
0
0
0
0
0
0
0
0
0
0
0
0
0
0
0
0
0
0
0
0
0
0
0
0
0
0
0
0
0
0
1
