
                     
                     
                     
                     
                     
                     
                     
                     
                     
                     
                     
                     
                     
                     
                     
                     
                     
                     
                     
                     
                     

                     
                     
                     
                     
                     
                     
                     
                     
                     
                     
                     
                     
                     
                     
                     
                     
                     
                     
                     
                     
                     

                     
                     
                     
                     
                     
                     
                     
                     
                     
                     
                     
                     
                     
                     
                     
                     
                     
                     
                     
                     
                     

                     
                     
                     
                     
                     
                     
                     
                     
                     
                     
                     
                     
                     
                     
                     
                     
                     
                     
                     
                     
                     

                     
                     
                     
                     
                     
                     
                     
                     
                     
                     
                     
                     
                     
                     
                     
                     
                     
                     
                     
                     
                     

                     
                     
                     
                     
                     
                     
                     
                     
                     
                     
          0          
                     
                     
                     
                     
                     
                     
                     
                     
                     
                     

                     
                     
                     
                     
                     
                     
                     
                     
                     
         310         
         024         
         410         
                     
                     
                     
                     
                     
                     
                     
                     
                     

                     
                     
                     
                     
                     
                     
                     
                     
        32200        
        00411        
        01230        
        04102        
        04005        
                     
                     
                     
                     
                     
                     
                     
                     

                     
                     
                     
                     
                     
                     
                     
       1001000       
       1123000       
       1224101       
       4110000       
       1101004       
       0034204       
       0432011       
                     
                     
                     
                     
                     
                     
                     

                     
                     
                     
                     
                     
                     
      100141002      
      001404003      
      313010011      
      211411001      
      300120113      
      300140320      
      401131110      
      000041111      
      120214401      
                     
                     
                     
                     
                     
                     

                     
                     
                     
                     
                     
     00023002410     
     11101011100     
     01242011013     
     01340211021     
     05233134410     
     14032100321     
     10401110100     
     01102300200     
     02134101321     
     01120400001     
     00111421100     
                     
                     
                     
                     
                     

                     
                     
                     
                     
    0012150201100    
    0001022314000    
    0011122144010    
    1001120024141    
    4132300114002    
    0144421102410    
    0044123021040    
    4300144411000    
    0211441113422    
    0442444003042    
    0012114113120    
    1021110044020    
    0001404111110    
                     
                     
                     
                     

                     
                     
                     
   000010012200000   
   002003000012000   
   000110010041000   
   121402211300200   
   024202021204420   
   421230241121321   
   110042002251200   
   254144014014444   
   044113114543324   
   013014405441000   
   020041234113420   
   001010005041011   
   032202311110010   
   000041211000000   
   000000111010000   
                     
                     
                     

                     
                     
  00000012102100000  
  00001021400320000  
  00134041140100000  
  00221002411100200  
  00141202044342300  
  01211400041012001  
  12040111141411000  
  01302341141121301  
  02110014111043402  
  30134300112142433  
  10041040043412140  
  00441000322430210  
  00114201042202400  
  00124144444104100  
  00000112041011000  
  00000134034100000  
  00000000100000000  
                     
                     

                     
 0000000202110000000 
 0000000110001000000 
 0000002041244011000 
 0001101152114440000 
 0002420410423010001 
 0044404410041404200 
 0004440421241144130 
 0013410112344140330 
 0414443444341401111 
 0444410344340403430 
 1411340444444400411 
 0122444040144414440 
 0045110124444300400 
 0001044443031114100 
 0010214414442344000 
 0000244200143430000 
 0000124110421100000 
 0000000424101000000 
 0000000000000000000 
                     

000000000041000000000
044444444444444454410
044444444444444444440
055444545444444544440
044444444444544444440
044444444444444444440
044444444444454444440
144444444444444444451
045444554444544454441
344444544554444444453
244444444444444444443
244444444444444444440
044444444444444444440
054444444444544444440
044454444444444444440
044444444444444444440
044444444444444444440
044454445444444454450
044444444444444444540
044444444444445444440
000000000030100000000
 
Total grains in the pile: 3290
