0
0
0
0
5841
1487
3472
5706
6737
6176
6201
4949
7937
14536
1705
1907
1670
1524
1364
1297
1252
1166
1088
1101
1003
945
905
837
794
730
705
648
634
623
620
559
527
525
480
481
384
406
349
319
336
305
314
310
283
271
292
261
241
226
227
229
194
201
184
171
152
176
165
142
136
116
144
116
130
122
113
107
95
95
103
75
96
76
80
65
75
65
52
53
58
68
66
57
47
44
46
61
60
49
51
56
49
39
51
36
50
38
40
41
32
27
37
29
35
21
32
33
38
27
27
35
32
22
24
27
26
27
21
25
32
38
22
26
16
19
24
10
16
28
22
15
20
14
15
14
22
20
11
18
17
22
17
15
15
22
10
10
14
12
14
12
20
10
17
16
12
21
14
9
6
15
15
17
18
20
14
18
12
11
5
12
4
15
10
8
5
13
10
12
13
8
8
8
9
15
9
11
10
8
13
9
10
8
13
10
5
10
11
4
10
8
13
9
11
7
7
9
11
6
11
10
12
9
7
5
7
6
5
10
6
9
5
10
8
7
6
9
7
9
3
4
5
9
5
6
7
5
9
15
8
10
4
6
10
5
3
4
7
6
4
7
4
3
7
6
2
5
6
5
1
3
6
5
4
3
3
6
8
1
1
3
9
5
5
5
5
4
5
3
2
5
8
4
5
2
2
4
3
7
5
4
6
3
4
3
4
2
3
2
2
3
3
8
5
4
2
6
3
7
0
2
4
6
2
6
3
4
3
4
4
2
6
1
3
3
2
2
5
5
1
3
2
1
4
2
4
6
4
5
2
0
3
1
3
6
3
2
1
3
1
1
1
3
5
3
2
0
3
3
3
5
4
2
1
2
3
1
1
5
4
3
2
3
2
2
2
1
3
1
2
1
4
2
1
3
1
0
1
4
1
1
1
3
3
1
1
4
3
2
2
0
5
2
2
2
2
2
1
1
0
1
1
1
0
2
0
1
1
0
1
6
3
2
2
1
2
1
2
1
2
0
0
1
5
0
3
1
0
0
4
1
3
2
0
1
1
3
2
1
0
3
0
0
1
1
2
2
1
1
2
0
2
0
3
0
1
0
0
0
1
0
4
1
0
2
1
0
2
0
2
0
0
0
1
0
0
0
1
1
0
0
0
2
1
1
1
0
1
0
0
0
0
0
0
1
1
3
2
1
2
0
0
1
2
1
0
0
1
0
2
0
1
0
0
0
1
0
2
0
0
0
0
1
1
0
1
1
0
1
0
1
1
2
2
0
1
0
0
0
1
0
1
0
1
0
0
0
1
0
0
0
0
0
0
0
0
0
0
1
0
2
0
0
0
1
1
0
2
0
1
0
0
0
0
0
0
1
0
3
1
0
1
0
0
1
0
1
0
0
2
1
1
0
1
0
0
0
0
0
2
0
0
1
0
0
0
0
0
0
0
1
0
0
0
0
1
0
1
0
0
1
0
1
0
2
0
0
0
0
1
2
0
0
0
0
0
0
0
0
0
0
1
1
1
0
0
0
0
0
0
0
0
0
0
0
1
0
0
0
1
0
0
0
0
0
0
0
0
0
0
1
0
1
0
0
0
0
0
0
0
0
0
0
0
0
0
0
0
0
1
0
1
0
0
0
0
0
0
1
0
0
0
0
0
1
0
0
0
0
0
0
0
0
0
0
0
0
0
0
0
0
0
0
0
0
0
0
0
1
1
0
0
0
1
0
1
0
0
0
0
0
0
0
0
0
0
0
0
0
0
0
0
0
0
0
0
0
0
0
0
0
0
0
1
0
0
0
0
0
0
0
0
1
0
0
0
0
1
0
0
0
0
0
0
0
0
0
0
0
0
0
0
0
1
0
0
0
1
0
0
0
0
0
0
0
0
0
0
0
0
0
0
0
0
0
0
0
0
0
1
0
1
0
0
0
0
0
1
0
1
0
0
0
0
0
0
0
1
0
0
0
0
0
0
0
0
0
0
0
0
0
0
0
0
0
0
0
0
0
0
0
0
0
0
0
0
0
0
0
0
0
0
1
1
0
0
0
0
0
0
0
0
0
0
0
0
0
0
0
0
1
0
0
0
1
0
0
0
1
0
0
0
0
0
0
1
0
0
0
0
0
0
0
0
0
1
0
0
1
0
0
0
0
0
0
1
0
0
0
0
0
0
0
0
0
0
0
0
0
0
1
0
0
0
0
0
0
0
0
0
0
0
0
0
0
0
0
0
0
0
0
0
0
0
0
0
0
0
0
0
0
0
0
0
0
0
0
0
0
0
0
0
0
0
0
0
0
0
0
0
1
0
0
0
0
0
1
0
0
0
0
0
0
0
0
0
0
0
0
0
0
0
0
0
0
0
0
0
0
0
0
0
0
0
0
0
0
0
0
1
0
0
0
0
0
0
0
0
0
0
0
0
0
0
0
0
0
0
0
0
0
0
0
0
0
0
0
0
0
0
0
0
0
0
0
0
0
0
0
0
0
0
0
0
0
0
0
0
0
0
1
0
0
0
0
0
0
0
0
0
0
0
1
0
0
0
0
0
0
0
0
0
0
0
0
0
0
0
0
0
0
0
0
0
0
0
0
1
