
           
           
           
           
           
           
           
           
           
           
           

           
           
           
           
           
           
           
           
           
           
           

           
           
           
           
           
     4     
           
           
           
           
           

           
           
           
           
    424    
    313    
    002    
           
           
           
           

           
           
           
   00211   
   11010   
   21411   
   24102   
   00221   
           
           
           

           
           
  0444024  
  4431002  
  0200245  
  2004440  
  0121424  
  4401441  
  2101131  
           
           

           
 112210441 
 043101213 
 404001444 
 441001441 
 411012243 
 214434430 
 314204414 
 440244003 
 044100011 
           

44444544444
44454444444
44444444464
44444444454
44444444444
44444444445
44444444444
44444444444
44444444544
44454444444
44444444644
 
Total grains in the pile: 816
