0
30595
191972
149927
118188
171832
14252
32967
18118
15005
13745
12820
11731
11124
10563
9672
9154
8454
8001
7353
7080
6612
6192
6013
5392
5266
4803
4604
4237
4048
3784
3462
3436
3218
3034
2853
2717
2569
2431
2392
2209
2094
2037
1861
1862
1777
1643
1599
1472
1436
1346
1270
1308
1246
1235
1131
1071
1051
953
996
973
956
869
845
862
722
734
796
720
692
636
648
635
600
614
560
552
569
568
524
512
478
505
441
456
452
404
426
404
378
403
385
387
367
345
361
338
340
293
295
304
296
305
286
298
333
249
244
248
269
243
249
253
207
244
207
221
223
225
219
202
226
190
192
190
189
180
186
163
150
181
169
166
164
134
147
156
166
144
166
151
149
150
133
139
138
119
127
136
144
130
125
130
119
133
120
119
131
107
116
100
118
114
101
93
107
111
88
93
97
96
92
93
81
72
76
80
80
71
73
75
79
47
85
78
52
73
69
70
92
64
73
59
72
59
62
44
71
49
54
72
52
54
73
50
55
68
58
42
52
53
47
49
44
49
52
42
52
46
39
39
46
54
43
39
51
41
36
44
36
31
40
38
30
38
49
36
30
32
31
31
37
37
29
37
35
27
26
34
35
39
34
24
32
21
24
22
24
34
24
33
21
20
19
26
25
28
35
28
33
26
22
27
28
28
17
24
16
20
17
20
26
15
23
20
17
12
23
16
18
19
19
15
21
12
13
18
11
18
9
20
18
13
15
17
10
14
20
15
11
10
13
10
15
14
14
15
10
11
15
12
15
13
11
16
16
10
11
15
11
13
13
7
8
15
9
8
7
9
5
16
9
14
8
11
9
11
7
8
7
8
7
5
7
7
4
5
5
8
6
7
5
1
6
5
8
3
7
8
9
7
1
6
3
5
3
3
3
4
4
3
6
1
6
8
4
3
5
7
2
2
2
1
7
2
7
3
4
4
2
1
3
4
8
2
2
1
5
2
3
2
1
7
1
5
3
4
6
0
1
2
1
2
2
3
0
6
2
2
5
3
1
1
2
0
4
2
4
4
1
2
2
3
1
5
0
0
2
5
0
5
1
1
3
0
2
1
4
2
3
3
1
2
0
1
1
1
1
2
3
1
4
2
3
1
4
0
0
4
0
0
0
2
0
2
1
1
1
1
1
0
1
1
0
0
1
2
1
1
1
1
1
1
0
2
0
1
2
0
0
1
1
0
1
0
0
0
2
1
1
3
2
2
1
1
2
0
2
0
0
1
1
0
0
0
0
1
0
0
1
0
0
0
0
0
1
0
0
1
1
0
0
0
0
1
1
0
1
0
0
0
0
0
0
0
1
1
0
0
0
0
1
1
0
1
1
0
0
0
1
0
0
0
1
0
1
0
0
1
0
0
0
0
1
0
0
0
0
0
0
0
1
0
0
0
0
0
0
0
0
0
0
0
0
0
0
0
0
0
0
0
0
0
0
0
0
0
1
0
0
0
0
0
0
0
0
0
0
0
0
0
1
0
0
0
0
0
0
0
0
0
1
0
1
0
0
0
0
1
0
0
0
0
0
0
1
0
0
0
0
0
0
0
0
0
0
0
0
0
2
