
                                         
                                         
                                         
                                         
                                         
                                         
                                         
                                         
                                         
                                         
                                         
                                         
                                         
                                         
                                         
                                         
                                         
                                         
                                         
                                         
                                         
                                         
                                         
                                         
                                         
                                         
                                         
                                         
                                         
                                         
                                         
                                         
                                         
                                         
                                         
                                         
                                         
                                         
                                         
                                         
                                         

                                         
                                         
                                         
                                         
                                         
                                         
                                         
                                         
                                         
                                         
                                         
                                         
                                         
                                         
                                         
                                         
                                         
                                         
                                         
                                         
                                         
                                         
                                         
                                         
                                         
                                         
                                         
                                         
                                         
                                         
                                         
                                         
                                         
                                         
                                         
                                         
                                         
                                         
                                         
                                         
                                         

                                         
                                         
                                         
                                         
                                         
                                         
                                         
                                         
                                         
                                         
                                         
                                         
                                         
                                         
                                         
                                         
                                         
                                         
                                         
                                         
                                         
                                         
                                         
                                         
                                         
                                         
                                         
                                         
                                         
                                         
                                         
                                         
                                         
                                         
                                         
                                         
                                         
                                         
                                         
                                         
                                         

                                         
                                         
                                         
                                         
                                         
                                         
                                         
                                         
                                         
                                         
                                         
                                         
                                         
                                         
                                         
                                         
                                         
                                         
                                         
                                         
                                         
                                         
                                         
                                         
                                         
                                         
                                         
                                         
                                         
                                         
                                         
                                         
                                         
                                         
                                         
                                         
                                         
                                         
                                         
                                         
                                         

                                         
                                         
                                         
                                         
                                         
                                         
                                         
                                         
                                         
                                         
                                         
                                         
                                         
                                         
                                         
                                         
                                         
                                         
                                         
                                         
                                         
                                         
                                         
                                         
                                         
                                         
                                         
                                         
                                         
                                         
                                         
                                         
                                         
                                         
                                         
                                         
                                         
                                         
                                         
                                         
                                         

                                         
                                         
                                         
                                         
                                         
                                         
                                         
                                         
                                         
                                         
                                         
                                         
                                         
                                         
                                         
                                         
                                         
                                         
                                         
                                         
                                         
                                         
                                         
                                         
                                         
                                         
                                         
                                         
                                         
                                         
                                         
                                         
                                         
                                         
                                         
                                         
                                         
                                         
                                         
                                         
                                         

                                         
                                         
                                         
                                         
                                         
                                         
                                         
                                         
                                         
                                         
                                         
                                         
                                         
                                         
                                         
                                         
                                         
                                         
                                         
                                         
                                         
                                         
                                         
                                         
                                         
                                         
                                         
                                         
                                         
                                         
                                         
                                         
                                         
                                         
                                         
                                         
                                         
                                         
                                         
                                         
                                         

                                         
                                         
                                         
                                         
                                         
                                         
                                         
                                         
                                         
                                         
                                         
                                         
                                         
                                         
                                         
                                         
                                         
                                         
                                         
                                         
                                         
                                         
                                         
                                         
                                         
                                         
                                         
                                         
                                         
                                         
                                         
                                         
                                         
                                         
                                         
                                         
                                         
                                         
                                         
                                         
                                         

                                         
                                         
                                         
                                         
                                         
                                         
                                         
                                         
                                         
                                         
                                         
                                         
                                         
                                         
                                         
                                         
                                         
                                         
                                         
                                         
                                         
                                         
                                         
                                         
                                         
                                         
                                         
                                         
                                         
                                         
                                         
                                         
                                         
                                         
                                         
                                         
                                         
                                         
                                         
                                         
                                         

                                         
                                         
                                         
                                         
                                         
                                         
                                         
                                         
                                         
                                         
                                         
                                         
                                         
                                         
                                         
                                         
                                         
                                         
                                         
                                         
                                         
                                         
                                         
                                         
                                         
                                         
                                         
                                         
                                         
                                         
                                         
                                         
                                         
                                         
                                         
                                         
                                         
                                         
                                         
                                         
                                         

                                         
                                         
                                         
                                         
                                         
                                         
                                         
                                         
                                         
                                         
                                         
                                         
                                         
                                         
                                         
                                         
                                         
                                         
                                         
                                         
                                         
                                         
                                         
                                         
                                         
                                         
                                         
                                         
                                         
                                         
                                         
                                         
                                         
                                         
                                         
                                         
                                         
                                         
                                         
                                         
                                         

                                         
                                         
                                         
                                         
                                         
                                         
                                         
                                         
                                         
                                         
                                         
                                         
                                         
                                         
                                         
                                         
                                         
                                         
                                         
                                         
                    4                    
                                         
                                         
                                         
                                         
                                         
                                         
                                         
                                         
                                         
                                         
                                         
                                         
                                         
                                         
                                         
                                         
                                         
                                         
                                         
                                         

                                         
                                         
                                         
                                         
                                         
                                         
                                         
                                         
                                         
                                         
                                         
                                         
                                         
                                         
                                         
                                         
                                         
                                         
                                         
                   041                   
                   412                   
                   431                   
                                         
                                         
                                         
                                         
                                         
                                         
                                         
                                         
                                         
                                         
                                         
                                         
                                         
                                         
                                         
                                         
                                         
                                         
                                         

                                         
                                         
                                         
                                         
                                         
                                         
                                         
                                         
                                         
                                         
                                         
                                         
                                         
                                         
                                         
                                         
                                         
                                         
                  40040                  
                  10041                  
                  21142                  
                  42123                  
                  44021                  
                                         
                                         
                                         
                                         
                                         
                                         
                                         
                                         
                                         
                                         
                                         
                                         
                                         
                                         
                                         
                                         
                                         
                                         

                                         
                                         
                                         
                                         
                                         
                                         
                                         
                                         
                                         
                                         
                                         
                                         
                                         
                                         
                                         
                                         
                                         
                 4103402                 
                 0110100                 
                 1011404                 
                 1440022                 
                 4140031                 
                 1000013                 
                 0010004                 
                                         
                                         
                                         
                                         
                                         
                                         
                                         
                                         
                                         
                                         
                                         
                                         
                                         
                                         
                                         
                                         
                                         

                                         
                                         
                                         
                                         
                                         
                                         
                                         
                                         
                                         
                                         
                                         
                                         
                                         
                                         
                                         
                                         
                204201121                
                400023010                
                100010120                
                040201201                
                000101130                
                142012014                
                100001211                
                200022500                
                012324031                
                                         
                                         
                                         
                                         
                                         
                                         
                                         
                                         
                                         
                                         
                                         
                                         
                                         
                                         
                                         
                                         

                                         
                                         
                                         
                                         
                                         
                                         
                                         
                                         
                                         
                                         
                                         
                                         
                                         
                                         
                                         
               00211410101               
               02102140003               
               01101102013               
               11000232111               
               01114204300               
               21104011410               
               34403221403               
               00300010220               
               14241011213               
               04022100010               
               00004100100               
                                         
                                         
                                         
                                         
                                         
                                         
                                         
                                         
                                         
                                         
                                         
                                         
                                         
                                         
                                         

                                         
                                         
                                         
                                         
                                         
                                         
                                         
                                         
                                         
                                         
                                         
                                         
                                         
                                         
              0000410020000              
              0011201110100              
              0040220012000              
              0001110143111              
              0342211010104              
              1311100200300              
              0214010224232              
              1004030000021              
              1132021104111              
              1010101000001              
              0010101420120              
              0000001001200              
              0000110201000              
                                         
                                         
                                         
                                         
                                         
                                         
                                         
                                         
                                         
                                         
                                         
                                         
                                         
                                         

                                         
                                         
                                         
                                         
                                         
                                         
                                         
                                         
                                         
                                         
                                         
                                         
                                         
             000200032001000             
             000000001231000             
             014141104411100             
             001210102322020             
             110121020011013             
             100111111114211             
             001111400010102             
             020041120213311             
             122112001223320             
             011021241100331             
             021430121000100             
             100011111222000             
             001014132403100             
             001100121220000             
             000001310110000             
                                         
                                         
                                         
                                         
                                         
                                         
                                         
                                         
                                         
                                         
                                         
                                         
                                         

                                         
                                         
                                         
                                         
                                         
                                         
                                         
                                         
                                         
                                         
                                         
                                         
            00000000000000000            
            00000000120000100            
            00000023222111000            
            01032012114110100            
            00034131240143100            
            02010011042401110            
            01210101020021310            
            21101200020111021            
            02320111314042121            
            01050101141403201            
            01112320000043030            
            00230212032121110            
            00202000020122100            
            00004010240222000            
            00001011232411100            
            00000312001000000            
            00000110100000000            
                                         
                                         
                                         
                                         
                                         
                                         
                                         
                                         
                                         
                                         
                                         
                                         

                                         
                                         
                                         
                                         
                                         
                                         
                                         
                                         
                                         
                                         
                                         
           0000000010000000000           
           0000000020101000000           
           0000003022132110000           
           0000023211201020000           
           0001110030141200200           
           0011102120004202200           
           0011013421201210000           
           0001000302101000110           
           0014000101213011110           
           0100234202110141320           
           0202100001044041000           
           0000120302042120200           
           0114221000004101000           
           0011110112200112100           
           0001442100201010000           
           0001102100201010000           
           0000002120211000000           
           0000100112000000000           
           0000000000000000000           
                                         
                                         
                                         
                                         
                                         
                                         
                                         
                                         
                                         
                                         
                                         

                                         
                                         
                                         
                                         
                                         
                                         
                                         
                                         
                                         
                                         
          000000000000000000000          
          000000000000010000000          
          000000001210001000000          
          000000012004022000000          
          000011102021002200000          
          001011111332013011000          
          000000110421401113000          
          000203114311104000100          
          000011240110112201100          
          001000401221010010210          
          002220112201232102110          
          002111222002002400100          
          001040011200100130000          
          000220110000000140100          
          000011031111214030000          
          000014412410301100000          
          000001111012411210000          
          000000143430003000000          
          000000000100110000000          
          000000000000000100000          
          000000000000000000000          
                                         
                                         
                                         
                                         
                                         
                                         
                                         
                                         
                                         
                                         

                                         
                                         
                                         
                                         
                                         
                                         
                                         
                                         
                                         
         00000000000000000000000         
         00000000000000000000000         
         00000000000000000000000         
         00000000101141320000000         
         00000000011411001000000         
         00000110314131110200000         
         00000142010140413011000         
         00011412400104210020000         
         00014112044301010011000         
         00020222033112000200000         
         00013011322301101110100         
         00010132200104101042110         
         00141010240210110442000         
         00013022011201112400000         
         00022100042011020041000         
         00011110431211021121000         
         00001102203311220100000         
         00000041131422011110000         
         00000011102101011000000         
         00000000110201010000000         
         00000000010201000000000         
         00000000000000000000000         
         00000000000000000000000         
                                         
                                         
                                         
                                         
                                         
                                         
                                         
                                         
                                         

                                         
                                         
                                         
                                         
                                         
                                         
                                         
                                         
        0000000000000000000000000        
        0000000000000000000000000        
        0000000000000000000000000        
        0000000000202200000000000        
        0000000022102112000000000        
        0000001011031103120100000        
        0000001210333030101000000        
        0000002314211410404120000        
        0001012204444210222310000        
        0000032121401200110010000        
        0001100201220130110411000        
        0001130010414220413111000        
        0000211042224431200113000        
        0001042430142440300000100        
        0001411240101142013110000        
        0000242121102000031220000        
        0000141111041040100110000        
        0000101132211142010200000        
        0000010110123100103000000        
        0000001114012101300000000        
        0000000023421100110000000        
        0000000000002100000000000        
        0000000000100000000000000        
        0000000000000000000000000        
        0000000000000000000000000        
                                         
                                         
                                         
                                         
                                         
                                         
                                         
                                         

                                         
                                         
                                         
                                         
                                         
                                         
                                         
       000000000000000000000000000       
       000000000000000000000000000       
       000000000000000000000000000       
       000000000000100000000000000       
       000000000000201100010000000       
       000000000021101022000000000       
       000000011311021012010000000       
       000000112000004240122000000       
       000000101130022110000000000       
       000001020221211001122100000       
       000001412321200033121010000       
       000010010102043211201420000       
       000103104111020240131010000       
       000020110404221110302121000       
       000113440014013331022010000       
       000012100302444032040100000       
       000001120102102311040310000       
       000000122414104042342310000       
       000001021221113311000000000       
       000001011044002104101000000       
       000000021041021211100000000       
       000000002023121210010000000       
       000000000102202110000000000       
       000000000000020000000000000       
       000000000000000000000000000       
       000000000000000000000000000       
       000000000000000000000000000       
                                         
                                         
                                         
                                         
                                         
                                         
                                         

                                         
                                         
                                         
                                         
                                         
                                         
      00000000000000000000000000000      
      00000000000000000000000000000      
      00000000000000000000000000000      
      00000000000000000000000000000      
      00000000000000010000000000000      
      00000000001002111110000000000      
      00000001121231102020000000000      
      00000001110241101314210000000      
      00000013341011110124010000000      
      00000010140021401114001000000      
      00000130022210232410111300000      
      00000102031040034111100100000      
      00001242111004011111113000000      
      00000134011014440241222410000      
      00001214452441010324011111000      
      00000101220103042010200000000      
      00000114002020011200244000000      
      00000112204321010411421110000      
      00000021010111104320012100000      
      00000003002114414432010000000      
      00000111030101020400110000000      
      00000001014411101300110000000      
      00000000000402002011000000000      
      00000000000000012220000000000      
      00000000000001100000000000000      
      00000000000000000000000000000      
      00000000000000000000000000000      
      00000000000000000000000000000      
      00000000000000000000000000000      
                                         
                                         
                                         
                                         
                                         
                                         

                                         
                                         
                                         
                                         
                                         
     0000000000000000000000000000000     
     0000000000000000000000000000000     
     0000000000000000000000000000000     
     0000000000000000000000000000000     
     0000000000000000000000000000000     
     0000000000010101000000000000000     
     0000000000102200221200000000000     
     0000000001341133110031000000000     
     0000000001311413241444110000000     
     0000000041231040200131201000000     
     0000002112141014432000100000000     
     0000000124130241222145020000000     
     0000001410001132131110411000000     
     0000001220000411000022100000000     
     0000000430340440243122221100000     
     0000124211311244111200130200000     
     0000010400131010000112203200000     
     0000010214211210414101003000000     
     0000000202010113421030100000000     
     0000000100311144414202041000000     
     0000000211023104100003100000000     
     0000010001034420322430410000000     
     0000000110012021303110010000000     
     0000000000021140314300100000000     
     0000000000010111010100000000000     
     0000000000000010000000000000000     
     0000000000000000000000000000000     
     0000000000000000000000000000000     
     0000000000000000000000000000000     
     0000000000000000000000000000000     
     0000000000000000000000000000000     
                                         
                                         
                                         
                                         
                                         

                                         
                                         
                                         
                                         
    000000000000000000000000000000000    
    000000000000000000000000000000000    
    000000000000000000000000000000000    
    000000000000000000000000000000000    
    000000000000000000000000000000000    
    000000000000000010000000000000000    
    000000000000001110001000000000000    
    000000000010200440001000000000000    
    000000000103202410311001000000000    
    000000000110004304024301100000000    
    000000002404121412042000100000000    
    000000001313042404201311410000000    
    000000014144014411024014421000000    
    000000011143410011312121110000000    
    000000024100014041100000140000000    
    000000200201330014324020112000000    
    000000104043102211102011200000000    
    000010001001014213000102002000000    
    000000220001030020112002400000000    
    000000004421142102111415110000000    
    000000100112100021401100201000000    
    000000010003001404440110110000000    
    000000000221042001013440000000000    
    000000000001140001114210100000000    
    000000001014004232213011000000000    
    000000000011012011041100000000000    
    000000000000010110111000000000000    
    000000000000000000000000000000000    
    000000000000000000000000000000000    
    000000000000000000000000000000000    
    000000000000000000000000000000000    
    000000000000000000000000000000000    
    000000000000000000000000000000000    
                                         
                                         
                                         
                                         

                                         
                                         
                                         
   00000000000000000000000000000000000   
   00000000000000000000000000000000000   
   00000000000000000000000000000000000   
   00000000000000000000000000000000000   
   00000000000000000000000000000000000   
   00000000000000000000000000000000000   
   00000000000000001010000000000000000   
   00000000000000002211100000000000000   
   00000000000111300232201000000000000   
   00000000001133112021401001000000000   
   00000000012324042133020430000000000   
   00000000132012201012131424000000000   
   00000000134343231143411101010000000   
   00000000021340404041313211230000000   
   00000000010321104010032121401000000   
   00000000440410041311115214000000000   
   00000001342241234331013024310000000   
   00000000413122232010144104010000000   
   00000001141144231122112410001000000   
   00000002441111412210424102010000000   
   00000011413413424015401432000000000   
   00000003301201033220104423101000000   
   00000000031400222032411114100000000   
   00000000001143401444114403000000000   
   00000000003220144102403400100000000   
   00000100002000004444214231000000000   
   00000000000022034014031000000000000   
   00000000000000010031210000000000000   
   00000000000000010000000000000000000   
   00000000000000000000000000000000000   
   00000000000000000000000000000000000   
   00000000000000000000000000000000000   
   00000000000000000000000000000000000   
   00000000000000000000000000000000000   
   00000000000000000000000000000000000   
                                         
                                         
                                         

                                         
                                         
  0000000000000000000000000000000000000  
  0000000000000000000000000000000000000  
  0000000000000000000000000000000000000  
  0000000000000000000000000000000000000  
  0000000000000000000000000000000000000  
  0000000000000000000000000000000000000  
  0000000000000000000000000000000000000  
  0000000000000010001000000000000000000  
  0000000000000102224011000100000000000  
  0000000000000132414410141010000000000  
  0000000000010014430200102000000000000  
  0000000000102431231411410010000000000  
  0000000000014213400232245212000000000  
  0000000000442004204103140010000000000  
  0000000004144411442125240400000000000  
  0000000034311441440001344242100000000  
  0000000014302240114113410201011000000  
  0000000014224140122113300340100000000  
  0000000004411004244141244031200000000  
  0000000104411112221210344112420000000  
  0000000113444254041201110141210000000  
  0000000000241034311400301212001000000  
  0000000114441002024344104004110000000  
  0000000001344001214404424432000000000  
  0000000000114200301011444430100000000  
  0000000100023204444143030400000000000  
  0000000001104410100211022000000000000  
  0000000000000322122010311000000000000  
  0000000000000100002120000000000000000  
  0000000000000000000000000000000000000  
  0000000000000000000000000000000000000  
  0000000000000000000000000000000000000  
  0000000000000000000000000000000000000  
  0000000000000000000000000000000000000  
  0000000000000000000000000000000000000  
  0000000000000000000000000000000000000  
  0000000000000000000000000000000000000  
                                         
                                         

                                         
 000000000000000000000000000000000000000 
 000000000000000000000000000000000000000 
 000000000000000000000000000000000000000 
 000000000000000000000000000000000000000 
 000000000000000000000000000000000000000 
 000000000000000000000000000000000000000 
 000000000000000000000000000000000000000 
 000000000000000001000000000000000000000 
 000000000000000000111000000000000000000 
 000000000000020220341120100000000000000 
 000000000000001114013303001000000000000 
 000000000000243404442100423000000000000 
 000000000000224444444441044100000000000 
 000000000001400411112240413310000000000 
 000000000201201441110231001200000000000 
 000000000010144410311142140222000000000 
 000000001341145210244416001143100000000 
 000000000440110304241111344414000000000 
 000000002100144402544422133442000000000 
 000000011444344401205214234001400000000 
 000000000113121214202444000143200000000 
 000000000213442224231023340413000000000 
 000000000132412040000444444311000000000 
 000000001011144424014354221430000000000 
 000000000040300022410043414120000000000 
 000000000100046433442010424200000000000 
 000000000002341444504444111110000000000 
 000000000001120246323430411000000000000 
 000000000000010444321423010000000000000 
 000000000000000000333300100000000000000 
 000000000000000000110000000000000000000 
 000000000000000000000000000000000000000 
 000000000000000000000000000000000000000 
 000000000000000000000000000000000000000 
 000000000000000000000000000000000000000 
 000000000000000000000000000000000000000 
 000000000000000000000000000000000000000 
 000000000000000000000000000000000000000 
 000000000000000000000000000000000000000 
                                         

00000000000000000000000000000000000000000
00000000000000000000000000000000000000000
00000000000000000000000000000000000000000
00000000000000000000000000000000000000000
00000000000000000000000000000000000000000
00000000000000000413201010000000000000000
00000000000001202544441431100000000000000
00000000000003444444444444321000000000000
00000000000124544454445444444010000000000
00000000005445444444444444444430000000000
00000000004444444444444444444441000000000
00000000444444444446444444444443110000000
00000000354444454444454444444444400000000
00000000444444454544444444444444410000000
00000013444444444444444445454454441000000
00000025444446444444445444454444442000000
00000134444444444545444444444454443000000
00000034444444444444544444444444444000000
00000014444444444444544444444444444000000
00000044444444445444444444444444443000000
00001244445444444444444444444444444000000
00000444444444444444444444444444444000000
00000344444444445554444444444444454000000
00001144544444445444444444444445441000000
00001044444444444444454444444445443000000
00000044444544444464444444444444442000000
00000014444444444444444444444444441000000
00000012444444444444544444444444421000000
00000002444445444444444444444444401000000
00000000145444445444444444454444100000000
00000000124444444444444444444440300000000
00000000000444444444444445444410010000000
00000000000124444444544444444100000000000
00000000000002444544444444333000000000000
00000000000001124425444420000000000000000
00000000000000110011212000000000000000000
00000000000000000000000000000000000000000
00000000000000000000000000000000000000000
00000000000000000000000000000000000000000
00000000000000000000000000000000000000000
00000000000000000000000000000000000000000
 
Total grains in the pile: 9066
