0
0
0
0
0
0
0
0
0
0
550
5115
6267
5852
6100
5044
6641
3838
3831
3371
3206
4597
3394
3953
5064
3194
2764
4218
2594
4477
806
688
529
469
441
440
403
354
321
287
277
253
254
243
243
214
218
216
198
174
172
164
184
158
143
158
151
138
132
117
123
135
127
110
115
91
98
98
103
99
86
81
80
56
78
55
63
76
68
51
68
64
48
66
64
47
52
52
39
51
47
44
56
32
48
49
46
27
38
43
35
41
45
54
41
23
39
28
35
35
36
34
27
33
26
30
27
27
27
24
27
23
33
28
32
27
31
18
16
17
20
19
28
29
22
23
24
21
21
18
17
29
22
15
13
17
21
15
14
29
18
23
17
12
13
19
15
12
19
15
13
15
15
16
16
15
8
10
13
10
12
16
17
16
7
14
14
12
10
12
19
14
7
16
11
10
16
12
11
11
15
5
9
6
14
18
13
8
16
14
13
11
10
15
9
9
7
12
9
13
11
18
13
15
13
12
6
7
8
6
6
3
6
12
9
9
11
13
6
9
4
9
9
10
8
7
10
8
9
10
6
6
1
6
7
7
11
7
14
5
6
6
5
6
10
5
7
6
6
5
4
8
6
5
6
13
4
7
8
5
6
10
9
5
8
5
11
10
7
5
4
6
4
5
9
5
4
4
6
11
10
9
12
9
6
4
6
3
3
4
3
7
3
4
6
6
4
5
6
6
5
4
6
9
5
7
4
2
8
3
4
6
3
5
10
5
8
2
5
5
9
5
5
5
2
5
3
3
5
6
4
3
7
8
6
5
5
3
2
8
5
4
2
12
3
4
1
5
3
6
2
5
2
6
4
5
5
6
5
5
1
1
4
4
1
13
4
4
3
3
5
4
3
6
6
2
8
2
7
3
5
10
4
7
8
3
1
3
9
3
5
3
7
5
4
3
7
5
7
3
2
5
4
4
2
5
4
2
3
5
2
4
3
5
2
7
4
3
3
1
5
8
1
2
4
3
3
1
2
1
2
2
0
0
1
6
5
2
1
4
2
3
4
0
5
4
1
2
2
3
2
2
6
2
1
0
4
2
1
4
1
4
2
2
1
3
1
0
2
7
1
3
2
3
5
2
6
2
3
1
4
1
3
5
4
3
6
4
2
2
3
1
0
8
2
4
5
1
4
1
1
1
4
2
0
3
3
0
1
3
4
2
1
3
2
1
6
2
6
2
3
5
0
1
6
4
0
10
6
1
4
6
2
2
3
1
3
2
2
1
5
1
3
1
3
2
0
2
3
3
1
4
1
2
2
4
2
2
2
5
1
0
4
1
3
3
3
1
4
2
1
1
4
1
3
2
2
2
1
2
4
3
3
3
3
6
0
0
4
0
1
2
1
1
0
1
0
3
2
2
2
2
2
1
3
1
3
2
2
2
0
2
2
4
1
2
3
2
2
2
3
4
1
3
3
2
3
1
1
2
1
1
1
0
3
0
1
2
2
2
1
0
0
0
1
2
0
3
0
0
0
1
1
2
2
3
7
2
1
0
1
4
1
0
1
1
2
0
1
1
2
3
0
0
1
1
1
1
2
0
4
2
2
2
1
3
1
3
0
4
3
1
1
1
1
1
2
0
2
1
0
1
3
0
0
1
1
0
4
0
2
0
1
3
1
0
2
1
1
5
0
1
0
0
2
1
1
2
0
1
0
3
0
2
0
2
1
0
2
2
2
0
2
3
2
1
3
0
1
1
2
2
1
0
1
1
0
0
4
2
1
1
0
0
1
0
1
2
0
2
0
0
2
3
1
0
0
1
1
0
0
3
3
2
2
2
1
1
1
2
1
2
3
1
1
0
1
2
2
0
0
0
0
2
0
0
4
1
0
1
1
2
1
3
3
2
3
1
1
1
0
1
4
1
0
0
0
1
0
0
0
2
0
2
0
0
0
2
0
1
0
0
1
2
1
2
0
0
0
1
2
2
0
0
0
3
1
0
1
1
0
2
2
1
0
2
1
0
1
2
0
2
0
0
1
1
0
2
2
0
0
1
2
0
3
0
1
1
0
0
0
0
1
1
0
2
0
0
1
1
2
0
1
1
1
0
1
1
3
0
0
1
1
2
1
2
0
0
1
0
1
2
0
2
1
1
0
1
0
0
0
2
2
2
0
1
2
1
1
1
0
2
1
0
2
1
1
0
0
0
1
0
3
1
1
0
1
1
0
0
0
1
0
0
0
0
1
1
3
0
0
1
1
0
0
1
0
1
1
1
0
1
0
0
2
0
1
0
0
0
2
0
0
0
0
0
1
1
1
0
2
0
1
0
2
1
1
0
1
1
0
1
0
3
0
0
0
2
0
1
2
0
0
1
0
0
0
2
0
2
1
0
0
0
2
2
0
0
2
0
1
1
1
0
2
1
0
1
2
0
1
2
1
1
0
0
1
2
0
1
1
0
0
1
1
0
0
0
0
0
1
1
1
0
1
0
0
0
1
0
0
0
1
1
0
0
0
0
2
1
1
1
2
1
1
0
0
0
1
0
1
0
1
0
2
0
0
0
1
1
0
0
1
0
1
2
1
0
0
0
1
1
1
0
0
0
1
0
0
0
2
1
1
0
1
0
1
2
0
1
0
1
1
0
1
0
0
0
0
0
0
0
1
0
0
0
0
0
0
1
1
2
0
0
0
0
0
1
0
0
0
0
0
0
1
0
1
0
0
0
0
0
0
0
0
1
0
0
0
0
1
0
1
2
1
0
0
0
0
1
0
0
0
0
1
1
0
0
2
1
1
0
0
0
0
0
1
0
0
0
0
1
0
0
3
0
0
0
0
1
0
1
1
0
0
1
0
0
0
0
2
0
0
1
0
1
1
0
0
1
0
0
0
0
0
1
0
0
0
0
0
0
0
0
0
0
1
0
0
0
0
1
0
0
0
1
0
0
0
2
0
0
1
0
2
1
0
0
2
1
1
0
0
0
1
0
0
0
0
0
2
0
0
1
1
1
0
0
0
0
0
0
0
1
3
0
0
0
0
0
0
1
0
0
1
0
0
0
2
1
0
0
0
0
2
1
0
1
0
0
0
0
0
0
0
0
0
0
2
1
0
1
2
0
0
2
0
0
0
0
1
1
1
1
0
0
0
0
0
1
0
0
0
0
2
0
0
1
1
0
0
0
0
0
0
0
0
0
1
0
0
1
1
0
1
1
0
0
0
1
2
0
0
0
0
1
0
0
1
0
0
0
0
0
0
0
0
0
0
0
1
0
2
1
2
0
0
0
0
0
0
0
0
1
1
0
0
0
0
0
0
0
0
0
0
0
0
1
0
0
0
0
0
0
1
0
0
0
1
1
0
0
1
0
0
0
0
0
0
0
1
0
0
0
1
0
0
0
0
0
0
0
0
0
2
1
0
0
0
3
0
0
0
1
0
0
0
0
0
0
0
0
0
0
0
0
0
0
0
0
0
0
0
0
0
0
0
0
1
0
0
0
0
0
0
1
0
0
0
0
0
0
1
1
0
1
1
0
0
0
0
0
0
0
0
2
0
0
1
0
0
0
0
1
0
0
0
0
0
1
0
0
0
0
0
0
0
0
0
0
1
0
1
0
0
0
0
1
0
0
0
0
0
0
0
0
0
1
0
0
0
2
0
0
0
0
1
0
1
0
0
0
0
0
0
0
0
0
0
1
0
0
0
0
0
1
1
0
1
0
0
0
0
0
0
0
0
0
0
0
0
0
0
0
1
0
0
0
1
0
0
0
0
0
0
0
0
0
0
0
0
0
0
1
0
1
0
0
0
0
0
0
0
0
1
1
0
0
0
0
0
0
0
0
0
0
0
0
0
0
0
0
0
0
0
0
0
0
0
0
0
0
0
0
0
0
0
0
0
0
0
0
0
1
0
1
0
0
0
0
0
0
0
0
0
0
0
1
1
0
0
0
0
1
0
1
1
1
0
0
0
0
1
0
0
0
0
0
0
1
0
0
1
0
0
0
0
0
0
0
0
1
0
0
0
0
1
0
0
0
0
0
0
0
1
0
0
0
0
0
0
0
0
0
0
0
1
0
0
0
1
0
0
0
0
0
1
0
0
1
0
1
0
0
1
0
0
0
0
0
0
1
0
0
0
0
0
0
0
0
0
0
0
0
1
0
0
0
0
0
0
0
0
0
0
0
0
0
0
0
0
0
0
1
1
0
0
0
0
0
0
0
0
0
0
0
0
0
0
0
0
0
0
0
0
0
1
0
0
0
0
1
0
0
0
0
0
0
0
0
0
0
0
1
0
0
1
0
0
0
0
0
0
0
0
0
0
0
0
0
0
0
0
1
0
1
0
0
0
0
0
0
0
0
0
0
0
0
0
0
0
0
0
0
0
0
0
0
0
0
0
0
0
0
0
0
0
0
0
0
0
0
0
0
0
1
0
1
2
0
0
0
1
0
0
0
0
0
0
0
0
0
0
0
0
0
0
1
0
0
0
0
0
1
0
0
0
0
0
0
0
0
0
0
0
0
0
0
0
0
0
0
3
0
0
0
0
0
0
0
0
0
0
0
0
0
0
0
1
0
0
0
0
0
0
0
0
0
0
0
0
0
0
0
1
0
0
0
0
0
0
0
0
0
0
0
0
0
0
0
0
0
0
0
0
0
0
0
0
0
0
1
0
0
0
0
0
0
0
0
0
0
1
0
0
0
0
0
1
0
0
0
0
0
0
0
0
0
0
0
0
0
0
0
0
0
0
0
0
0
0
0
0
0
0
0
0
0
0
0
0
0
0
0
2
0
0
0
0
0
0
0
0
0
0
0
0
0
0
0
0
0
0
0
0
0
0
0
0
0
0
0
0
0
0
0
0
0
0
0
0
0
0
0
0
0
0
0
1
0
0
0
0
1
0
0
0
0
0
0
0
0
0
0
0
0
0
0
0
0
0
0
0
0
0
0
0
0
0
0
0
0
0
0
0
0
0
0
0
0
0
0
0
0
0
0
0
0
0
0
0
0
0
0
1
0
0
0
0
0
0
0
0
0
0
0
0
0
0
0
0
0
0
0
0
0
0
0
0
0
0
0
0
0
0
0
0
0
0
0
0
0
0
0
0
1
0
0
0
0
0
0
1
0
0
0
0
1
0
0
0
0
0
0
0
0
0
0
0
0
0
0
0
0
0
0
0
0
0
0
0
0
0
0
0
0
0
0
0
0
0
0
0
0
0
0
0
0
0
0
0
0
0
0
0
0
0
0
0
0
0
0
0
0
0
0
0
0
0
0
0
0
0
0
0
0
0
0
0
1
0
0
1
0
0
0
0
0
0
0
0
0
0
0
0
0
0
0
0
1
1
1
0
0
0
0
0
0
1
0
0
0
0
0
0
0
0
0
0
0
0
0
0
0
0
0
0
0
0
0
0
0
0
0
0
0
0
0
0
0
0
0
0
0
0
0
0
0
0
0
0
0
0
0
0
0
0
0
0
0
0
0
0
0
0
0
0
0
0
0
0
0
0
0
0
0
0
0
0
0
0
0
0
0
0
0
0
0
0
1
0
0
0
1
0
0
0
0
0
0
0
0
0
0
0
0
0
0
0
0
1
0
0
0
0
0
0
0
0
0
0
0
0
0
1
1
0
0
0
0
0
0
0
0
0
0
0
0
0
0
0
0
0
0
0
0
0
0
0
0
0
0
0
0
0
0
0
0
0
0
0
1
0
0
0
0
0
0
0
0
0
1
0
0
0
0
0
0
0
0
0
0
0
0
0
0
0
0
0
0
0
0
0
0
0
0
0
0
0
0
0
0
0
0
0
0
0
0
0
0
0
0
0
0
0
0
0
0
0
0
0
0
0
0
0
1
0
0
0
0
0
0
0
0
0
0
0
0
0
0
0
0
0
0
0
0
0
0
0
0
0
0
0
0
0
0
0
0
0
0
0
0
0
0
0
0
0
0
0
0
0
0
0
0
0
0
0
0
0
0
0
0
0
0
0
0
0
0
0
0
0
0
0
0
0
0
0
0
0
0
0
0
0
0
0
0
0
0
0
0
0
0
0
0
0
0
0
0
0
0
0
0
0
0
0
0
0
0
0
0
0
0
0
0
0
0
0
0
0
0
0
0
0
0
0
0
0
0
0
0
0
0
0
0
0
0
0
0
0
0
0
0
0
0
0
0
0
0
0
0
0
0
0
1
0
0
0
0
0
0
0
0
0
0
0
0
0
0
0
0
1
0
0
0
0
0
0
0
0
0
0
0
0
0
0
0
0
0
0
0
0
0
0
0
0
0
0
0
0
0
0
0
0
0
0
0
0
0
0
0
0
0
0
0
0
0
0
0
1
0
0
0
0
0
0
0
0
0
0
0
0
0
0
0
0
0
0
0
0
0
0
0
0
0
0
0
0
0
0
0
0
0
0
0
0
0
0
0
0
0
0
0
0
0
0
0
0
0
0
0
0
0
0
0
0
0
0
0
0
0
0
0
0
0
0
0
0
0
0
0
0
0
0
0
0
0
0
0
0
0
0
0
0
0
0
0
0
0
0
0
1
0
0
0
0
0
0
0
0
0
0
0
0
0
0
0
0
0
0
0
0
0
0
1
0
0
0
0
0
0
0
0
0
0
0
0
0
0
0
0
0
0
0
0
0
0
0
0
0
0
0
0
0
0
0
0
0
0
0
0
0
0
0
0
0
0
0
0
0
0
0
0
0
0
0
0
0
0
0
0
0
0
0
0
0
0
0
0
0
0
0
0
0
0
1
0
0
0
0
0
0
0
0
0
0
0
0
0
0
0
0
0
0
0
0
0
0
0
0
0
0
0
0
0
0
0
0
0
0
0
0
0
0
0
0
0
0
0
0
0
0
0
0
0
0
0
0
0
0
0
0
0
0
0
0
0
0
0
0
0
0
0
0
0
0
0
0
0
0
0
0
0
0
0
0
0
0
0
0
0
0
0
0
0
0
0
0
0
0
0
0
0
0
0
0
0
0
0
0
0
0
0
0
0
0
0
0
0
0
0
0
0
0
0
1
0
0
0
0
0
0
0
0
0
0
0
0
0
0
0
0
0
0
0
0
0
0
0
0
0
0
0
0
1
0
0
0
0
0
0
0
0
0
0
0
0
0
0
0
0
0
0
0
0
0
0
0
0
0
0
0
0
0
0
0
0
0
0
0
0
0
0
0
0
0
0
0
0
0
0
0
0
0
0
0
0
0
0
0
0
0
0
0
0
0
0
0
0
0
0
0
0
0
0
0
0
0
0
0
0
0
0
0
0
0
0
0
0
0
0
0
0
0
0
0
0
0
0
0
0
0
0
0
0
0
0
0
0
0
0
0
0
0
0
0
0
0
0
0
0
0
0
0
0
0
0
0
0
0
0
0
0
0
0
0
0
0
0
0
0
0
0
0
0
0
0
0
0
0
0
0
0
0
0
0
0
0
0
0
0
0
0
0
0
0
0
0
0
0
0
0
0
0
0
0
0
0
0
0
0
0
0
0
0
0
0
0
0
0
0
0
0
0
0
0
0
0
0
0
0
0
0
0
0
0
0
0
0
0
0
0
0
0
1
0
0
0
0
0
0
0
0
0
0
0
0
0
0
0
0
0
0
0
0
0
0
0
0
0
0
0
1
0
0
0
0
0
0
0
0
0
0
0
0
0
0
0
0
0
0
0
0
0
0
0
0
0
0
0
0
0
0
0
0
1
0
0
0
0
0
0
0
0
0
0
0
0
0
0
0
0
0
0
0
0
0
0
0
0
0
0
1
0
0
0
0
0
0
0
0
0
0
0
0
0
0
0
0
0
0
0
0
0
0
0
0
0
0
0
0
0
0
0
0
0
0
0
0
0
0
0
0
0
0
0
0
0
0
0
0
0
0
0
0
0
0
0
0
0
0
0
0
0
0
0
0
0
0
0
0
0
0
0
0
0
0
0
0
0
0
0
0
0
0
0
0
0
0
0
0
0
0
0
0
0
0
0
0
0
1
0
0
0
0
0
0
0
0
0
0
0
0
0
0
0
0
0
0
0
0
0
0
0
0
0
0
0
0
0
0
0
0
0
0
0
0
0
0
0
0
1
0
0
0
0
0
0
0
0
0
0
0
0
0
0
0
0
0
0
0
0
0
0
0
0
0
0
0
0
0
0
0
0
0
0
0
0
0
0
0
0
0
0
0
0
0
0
0
0
0
0
0
0
0
0
0
0
0
0
0
0
0
0
0
0
0
0
0
0
0
0
0
0
0
0
0
0
0
0
0
0
0
0
0
0
0
0
0
0
0
0
0
0
0
0
0
0
0
0
0
0
0
0
0
0
0
0
0
0
0
0
0
0
0
0
0
0
0
0
0
0
0
0
0
0
0
0
0
0
0
0
0
0
0
0
0
0
0
0
0
0
0
0
0
0
0
0
0
0
0
0
0
0
0
0
0
0
0
0
0
0
0
0
0
0
0
0
0
0
0
0
0
0
0
0
0
0
0
0
0
0
0
0
0
0
0
0
0
0
0
0
0
0
0
0
0
0
0
0
0
0
0
0
0
0
0
0
0
0
0
0
0
0
0
0
0
0
0
0
0
0
0
0
0
0
0
0
0
0
0
0
0
0
0
0
0
0
0
0
0
0
0
0
0
0
0
0
0
0
0
0
0
0
0
0
0
0
0
0
0
0
0
0
0
0
0
0
0
0
0
0
0
0
0
0
0
0
0
0
0
0
0
0
0
0
0
0
0
0
0
0
0
0
0
0
0
0
0
0
0
0
0
0
0
0
0
0
0
0
0
0
0
0
0
0
0
0
0
0
0
0
0
0
0
0
0
0
0
0
0
0
0
0
0
0
0
0
0
0
0
0
0
0
0
0
0
0
0
0
0
0
0
0
0
0
0
0
0
0
0
0
0
0
0
0
0
0
0
0
0
0
0
0
0
0
0
0
0
0
0
0
0
0
0
0
0
0
0
0
0
0
0
0
0
0
0
0
0
0
0
0
0
0
0
0
0
0
0
0
0
0
0
0
0
0
0
0
0
0
0
0
0
0
0
0
0
0
0
0
0
0
0
0
0
0
0
0
0
0
0
0
0
0
0
0
0
0
0
0
0
0
0
0
0
0
0
0
0
0
0
0
0
0
0
0
0
0
0
0
0
0
0
0
0
0
0
0
0
0
0
0
0
0
0
0
0
0
1
