
                               
                               
                               
                               
                               
                               
                               
                               
                               
                               
                               
                               
                               
                               
                               
                               
                               
                               
                               
                               
                               
                               
                               
                               
                               
                               
                               
                               
                               
                               
                               

                               
                               
                               
                               
                               
                               
                               
                               
                               
                               
                               
                               
                               
                               
                               
                               
                               
                               
                               
                               
                               
                               
                               
                               
                               
                               
                               
                               
                               
                               
                               

                               
                               
                               
                               
                               
                               
                               
                               
                               
                               
                               
                               
                               
                               
                               
                               
                               
                               
                               
                               
                               
                               
                               
                               
                               
                               
                               
                               
                               
                               
                               

                               
                               
                               
                               
                               
                               
                               
                               
                               
                               
                               
                               
                               
                               
                               
                               
                               
                               
                               
                               
                               
                               
                               
                               
                               
                               
                               
                               
                               
                               
                               

                               
                               
                               
                               
                               
                               
                               
                               
                               
                               
                               
                               
                               
                               
                               
               0               
                               
                               
                               
                               
                               
                               
                               
                               
                               
                               
                               
                               
                               
                               
                               

                               
                               
                               
                               
                               
                               
                               
                               
                               
                               
                               
                               
                               
                               
              000              
              000              
              000              
                               
                               
                               
                               
                               
                               
                               
                               
                               
                               
                               
                               
                               
                               

                               
                               
                               
                               
                               
                               
                               
                               
                               
                               
                               
                               
                               
             00000             
             00000             
             00000             
             00000             
             00000             
                               
                               
                               
                               
                               
                               
                               
                               
                               
                               
                               
                               
                               

                               
                               
                               
                               
                               
                               
                               
                               
                               
                               
                               
                               
            0000000            
            0000000            
            0000000            
            0000000            
            0000000            
            0000000            
            0000000            
                               
                               
                               
                               
                               
                               
                               
                               
                               
                               
                               
                               

                               
                               
                               
                               
                               
                               
                               
                               
                               
                               
                               
           000000000           
           000000000           
           000000000           
           000000000           
           000000000           
           000000000           
           000000000           
           000000000           
           000000000           
                               
                               
                               
                               
                               
                               
                               
                               
                               
                               
                               

                               
                               
                               
                               
                               
                               
                               
                               
                               
                               
          00000000000          
          00000000000          
          00000000000          
          00000000000          
          00000000000          
          00000000000          
          00000000000          
          00000000000          
          00000000000          
          00000000000          
          00000000000          
                               
                               
                               
                               
                               
                               
                               
                               
                               
                               

                               
                               
                               
                               
                               
                               
                               
                               
                               
         0000000000000         
         0000000000000         
         0000000000000         
         0000000000000         
         0000000000000         
         0000000000000         
         0000000000000         
         0000000000000         
         0000000000000         
         0000000000000         
         0000000000000         
         0000000000000         
         0000000000000         
                               
                               
                               
                               
                               
                               
                               
                               
                               

                               
                               
                               
                               
                               
                               
                               
                               
        000000000000000        
        000000000000000        
        000000000000000        
        000000000000000        
        000000000000000        
        000000000000000        
        000000000000000        
        000000000000000        
        000000000000000        
        000000000000000        
        000000000000000        
        000000000000000        
        000000000000000        
        000000000000000        
        000000000000000        
                               
                               
                               
                               
                               
                               
                               
                               

                               
                               
                               
                               
                               
                               
                               
       00000100000000000       
       00000000000000000       
       00000000000000000       
       00000000000000000       
       00000000000000000       
       00000000000000000       
       00000000000000000       
       00000000000000000       
       00000000000000000       
       00000000000000000       
       00000000000000000       
       00000000000000000       
       00000000000000000       
       00000000000000000       
       00000000000000000       
       00000000000000000       
       00000000000000000       
                               
                               
                               
                               
                               
                               
                               

                               
                               
                               
                               
                               
                               
      0000000000000000000      
      0010000000000000000      
      0000000000000000000      
      0000000000000000000      
      0000000000000000000      
      0000000000000000000      
      0000000000000000000      
      0000000000000000000      
      0000000000000000000      
      0000000000000000000      
      0000000000000000000      
      0000000000000000000      
      0000001000000000000      
      0000000000000000000      
      0030000001000000000      
      0000000000000000000      
      0000000000000000000      
      0000000000000000000      
      0000000000000000000      
                               
                               
                               
                               
                               
                               

                               
                               
                               
                               
                               
     000100000000000000000     
     000000000000000000000     
     000100000000000010000     
     000000000011000000000     
     000300000000000000000     
     000000000000000000130     
     000000000000000000033     
     000000000000000000100     
     000000000000000000000     
     000000000000000000000     
     000000000000000000000     
     000000000000000000000     
     000000000100000000000     
     000000000000000000300     
     000000100000000000000     
     000500000040000000000     
     000000000012000000000     
     000000000000000000000     
     000000000000000000000     
     000000000000000000000     
     000000030000000000000     
                               
                               
                               
                               
                               

                               
                               
                               
                               
    00010000000000000000000    
    00003000000000000000000    
    00001100000000000000000    
    00011000000110000510000    
    00002100000530001010000    
    60009100000000001000000    
    00000000000100000000100    
    100002000000000000005310    
    00000000200000000000010    
    00000000000000000002000    
    00000000000000000000000    
    10000000000000000000000    
    02000010000000000000100    
    01000000003000000000000    
    00000000600030000013000    
    04100001000001000000000    
    00003000010310000000000    
    00000000001000000000000    
    00000000000100000000000    
    00000000000002000000000    
    00000000000000000000000    
    00000000400050000000000    
    00000000000001000000000    
                               
                               
                               
                               

                               
                               
                               
   0000000002200000000000000   
   0000000000000100000000000   
   0000140000000310000000000   
   0000304000000000003000000   
   0003100002012000004000000   
   0003300205305400000000000   
   0600157001000000000020000   
   0000000000005010020000000   
   0300006000000000030304340   
   0000000003000200000300500   
   0111000010000700020060000   
   0000000001000010000000000   
   0400000020001030003000000   
   0071000400000001000021004   
   0132100000030000000001020   
   00020030010000400000040000   
   0043002031101120000000000   
   1101260000003112000300000   
   0000000000030100000020000   
   0000000000000000100010000   
   0000000040000250500100000   
   0000000000000000001000000   
   0000000004000502000000000   
   0000000320000000000000000   
   0000000023000000300000000   
                               
                               
                               

                               
                               
  000000010010100000000000000  
  0000000001123000200020000000  
  000000001000100000142000000  
  0002403111100104032210200000  
  000023130311001000161000000  
  000001402030081051151000000  
  000103110037154001224000000  
  004006430100000160110300000  
  020030000130031300402031000  
  004010031101100012404034504  
  010300010042014000403403010  
  003350002020003120500420201  
  001001301032102034000020001  
  023020101400030501030080055  
  011401003000130041001460030  
  015530010002851050002002301  
  000040030040104000001410000  
  001431030333060900100011020  
  134030510113034120007121000  
  101000000030330000000320000  
  000000000200100003900410001  
  000000000600103303001100000  
  000010304021125204160110000  
  000000012032006004310131000  
  000000004100000012000000000  
  000000002130000304030000000  
  000000015400200000302000000  
                               
                               

                               
 00011001310150121004100010000 
 00000003331041012005202200000 
 00001322603333013330512110000 
 01012014180102844113544011000 
 001133332552015102556319141001 
 01324331403331733104333131001 
 10154243134324643435530110011 
 13114134430544770136451241200 
 23163034406217104911015112130 
 33415510303320345103331438021 
 41150511433012121253343443542 
 13305231331833232103073131412 
 38136610240340544514514468043 
 30133158233331043642311512421 
 01350413316061513205301331553 
 33313426140031308633223400302 
 33364130422045336533351053431 
 712724025525430501430344001611 
 331134237044405040330732311011 
 125361153513130532421133413141 
 233141371404153432200151033310 
 10434112123610210583245322140 
 22031303524404033255102337220 
 10130343031733543337312011000 
 101134042401221131133200331100 
 01002310531203301321404231100 
 00000137040400013030301201000 
 00000101637423133004231002000 
 00000010324122050311112000000 
                               

0000003243367373736433334021010
0003365636645334345543356831000
000434444533676431064335976710000
0134733645767544555646974743630
16336665435363455334436113334330
134843353441047333645363431144332
14635124439537337333464333343631
2336334533644574363345453633831
3346484343669354348338674335462
34436345383454337533334843531035
43334345910636545435343445433433
7544445468576343343544833536543
89561036943439434537358434449337
3336644106114115434733334544353353
49743341053435457434354346553553
5104445433443443413444799374315434
44833576433153447645336345363334
5434384975453343776934363733433
3361134538341233344116544646363345
5334544333637365344395443464335
446743436353510434134373334433353
7338333634334333853556656364334
2435456466746455553534445758331
3347844453487831134345124103363434
444553336344104373356685711574542
25433345334373136433673693534431
03378644343445335455511333784730
0345636753434363444945343554430
1214734378366334433334534346300
1013336833363437757435446730000
0000013525333344364333331200001
 
Total grains in the pile: 7254
