0
0
0
0
0
2
29
37
99
473
1504
2678
5528
10825
34869
111586
185642
279631
13958
15235
12486
11781
11148
10982
10644
10327
9942
9526
9266
8911
8650
8459
8013
7669
7650
7228
6850
6748
6365
6134
5893
5694
5498
5250
4939
4767
4560
4470
4230
4182
3885
3732
3588
3499
3205
3150
3074
2928
2754
2655
2500
2427
2353
2229
2101
2090
1971
1952
1752
1663
1673
1545
1481
1437
1418
1380
1293
1291
1245
1129
1106
1049
1006
961
1021
930
903
829
852
772
758
769
703
694
705
599
632
634
606
609
560
507
535
513
501
465
436
428
407
436
418
415
373
390
357
337
348
324
299
342
304
308
269
281
293
262
251
276
232
240
244
266
230
228
235
191
223
187
186
201
183
188
174
177
195
176
158
166
171
180
168
139
157
139
142
139
161
130
120
135
128
140
123
123
122
108
121
113
134
108
108
102
96
112
114
97
124
102
101
98
87
84
97
92
90
107
78
88
77
76
84
73
64
64
77
67
82
67
77
83
70
69
70
70
70
69
69
70
69
55
53
60
52
52
50
64
63
73
59
55
59
49
59
57
49
72
38
46
63
40
40
37
40
59
45
35
43
31
46
37
39
48
39
30
34
32
38
44
26
35
37
47
51
28
39
37
30
33
24
18
30
16
29
34
30
28
23
26
30
23
22
29
33
25
27
28
30
30
27
29
27
19
22
22
25
30
25
19
23
26
18
17
19
27
18
17
16
20
25
17
12
16
18
17
14
21
16
17
21
22
13
15
15
13
16
19
17
19
15
17
11
25
23
17
16
15
20
11
11
11
16
8
15
14
6
17
14
8
6
9
13
17
14
9
11
14
10
6
11
6
11
11
15
13
8
9
14
6
15
6
12
8
8
11
8
8
10
9
11
9
9
4
9
10
10
7
9
7
7
3
8
8
9
5
4
9
8
8
6
3
4
10
5
6
8
5
6
10
6
11
5
7
11
14
5
5
4
7
2
7
4
9
8
2
10
6
11
3
10
9
5
4
13
4
2
4
4
5
6
3
7
9
4
7
9
3
7
2
4
7
2
2
4
3
0
3
3
2
2
6
1
4
3
1
6
5
4
3
3
3
1
7
3
2
3
4
0
4
7
2
5
4
3
2
3
3
4
1
1
2
2
2
2
4
3
2
3
1
0
3
5
1
3
1
6
1
2
2
3
2
2
3
4
2
1
1
1
4
2
3
3
7
2
2
3
1
2
2
2
5
0
0
4
3
1
0
4
1
4
2
1
3
1
2
2
3
2
1
1
0
2
1
1
4
2
1
1
2
2
1
1
0
1
1
3
0
1
2
1
0
3
0
1
0
1
1
2
1
1
1
0
2
1
0
2
2
0
0
1
1
1
3
0
0
1
3
1
2
1
0
2
0
2
2
2
0
1
1
1
1
1
1
1
0
0
2
2
0
1
1
0
0
0
0
0
2
0
1
1
0
1
1
0
2
1
1
3
0
0
2
1
2
1
0
0
1
0
0
0
1
0
0
2
1
0
1
0
2
2
0
0
2
0
0
2
1
0
0
1
0
0
0
2
0
0
1
3
0
0
1
0
1
0
1
0
1
0
1
0
0
0
1
0
0
0
0
1
0
0
0
1
0
0
0
0
1
1
0
0
2
0
2
0
2
1
0
0
1
1
2
0
0
0
0
1
1
1
0
0
0
0
0
1
2
1
0
0
0
0
0
0
0
0
1
1
0
0
0
0
1
0
0
1
0
1
0
0
0
1
0
0
0
0
0
1
0
0
1
0
0
0
0
0
0
0
0
1
0
1
0
0
0
0
0
0
0
1
0
0
0
0
0
0
0
0
0
1
0
0
0
0
0
0
0
0
1
0
0
0
0
0
0
0
0
0
1
1
0
1
0
0
1
0
0
0
0
0
1
0
0
0
0
0
0
0
0
1
0
0
0
0
1
0
0
0
0
0
0
0
1
0
1
1
0
0
0
0
0
1
0
0
0
0
0
0
0
0
0
0
0
0
0
1
0
0
0
0
0
2
0
0
0
0
0
0
0
0
0
0
0
0
0
0
0
0
0
0
0
0
0
0
0
0
0
0
0
0
0
0
1
0
0
0
0
0
0
0
0
0
0
0
0
0
0
0
0
0
0
0
0
0
0
0
0
0
0
0
0
0
0
0
0
0
0
0
0
0
0
0
0
0
0
0
0
0
0
0
0
0
0
0
0
0
0
0
2
0
0
0
0
0
0
0
0
0
0
0
0
0
0
0
0
0
0
0
0
0
0
0
0
0
0
0
0
0
1
0
0
0
0
1
0
0
0
0
1
0
0
0
0
0
0
0
0
0
1
0
0
0
0
1
0
0
0
0
0
0
0
0
0
0
0
0
0
0
0
0
0
0
0
0
0
0
0
0
0
0
0
0
0
0
0
0
0
0
0
0
0
0
1
0
0
0
0
0
0
0
0
0
0
0
0
0
0
0
0
0
0
0
0
0
0
0
0
0
0
0
0
0
0
0
0
0
0
0
0
0
0
0
0
0
0
0
0
0
0
0
0
0
0
0
0
0
0
0
0
0
0
0
0
0
0
0
0
0
0
0
0
0
0
0
0
1
