
000000000000000000000
000000000000000000000
000000000000000000000
000000000000000000000
000000000000000000000
000000000000000000000
000000000000000000000
000000000000000000000
000000000000000000000
000000000000000000000
000000000000000000000
000000000000000000000
000000000000000000000
000000000000000000000
000000000000000000000
000000000000000000000
000000000000000000000
000000000000000000000
000000000000000000000
000000000000000000000
000000000000000000000

000000000000000000000
000000000000000000000
000000000000000000000
000000000000000000000
000000000000000000000
000000000000000000000
000000000000000000000
000000000000000000000
000000000000000000000
000000000000000000000
000000000000000000000
000000000000000000000
000000000000000000000
000000000000000000000
000000000000000000000
000000000000000000000
000000000000000000000
000000000000000000000
000000000000000000000
000000000000000000000
000000000000000000000

000000000000000000000
000000000000000000000
000000000000000000000
000000000000000000000
000000000000000000000
000000000000000000000
000000000000000000000
000000000000000000000
000000000000000000000
000000000000000000000
000000000000000000000
000000000000000000000
000000000000000000000
000000000000000000000
000000000000000000000
000000000000000000000
000000000000000000000
000000000000000000000
000000000000000000000
000000000000000000000
000000000000000000000

000000000000000000000
000000000000000000000
000000000000000000000
000000000000000000000
000000000000000000000
000000000000000000000
000000000000000000000
000000000000000000000
000000000000000000000
000000000000000000000
000000000000000000000
000000000000000000000
000000000000000000000
000000000000000000000
000000000000000000000
000000000000000000000
000000000000000000000
000000000000000000000
000000000000000000000
000000000000000000000
000000000000000000000

000000000000000000000
000000000000000000000
000000000000000000000
000000000000000000000
000000000000000000000
000000000000000000000
000000000000000000000
000000000000000000000
000000000000000000000
000000000000000000000
000000000000000000000
000000000000000000000
000000000000000000000
000000000000000000000
000000000000000000000
000000000000000000000
000000000000000000000
000000000000000000000
000000000000000000000
000000000000000000000
000000000000000000000

000000000000000000000
000000000000000000000
000000000000000000000
000000000000000000000
000000000000000000000
000000000000000000000
000000000000000000000
000000000000000000000
000000000000000000000
000000000000000000000
000000000000000000000
000000000000000000000
000000000000000000000
000000000000000000000
000000000000000000000
000000000000000000000
000000000000000000000
000000000000000000000
000000000000000000000
000000000000000000000
000000000000000000000

000000000000000000000
000000000000000000000
000000000000000000000
000000000000000000000
000000000000000000000
000000000000000000000
000000000000000000000
000000000000000000000
000000000000000000000
000000000423000000000
000000000004000000000
000000000114000000000
000000000000000000000
000000000000000000000
000000000000000000000
000000000000000000000
000000000000000000000
000000000000000000000
000000000000000000000
000000000000000000000
000000000000000000000

000000000000000000000
000000000000000000000
000000000000000000000
000000000000000000000
000000000000000000000
000000000000000000000
000000000000000000000
000000000000000000000
000000000103300000000
000000001004400000000
000000004401000000000
000000001122000000000
000000000023400000000
000000000000000000000
000000000000000000000
000000000000000000000
000000000000000000000
000000000000000000000
000000000000000000000
000000000000000000000
000000000000000000000

000000000000000000000
000000000000000000000
000000000000000000000
000000000000000000000
000000000000000000000
000000000000000000000
000000000000000000000
000000011130000000000
000000044001120000000
000000041301240000000
000000041030440000000
000000031041110000000
000000011403400000000
000000041102050000000
000000000000000000000
000000000000000000000
000000000000000000000
000000000000000000000
000000000000000000000
000000000000000000000
000000000000000000000

000000000000000000000
000000000000000000000
000000000000000000000
000000000000000000000
000000000000000000000
000000000000000000000
000000402040102000000
000000011040000000000
000000000135143000000
000000110122412000000
000000202101130000000
000000011244030000000
000000030200014000000
000000130111412000000
000000014024010000000
000000000000000000000
000000000000000000000
000000000000000000000
000000000000000000000
000000000000000000000
000000000000000000000

000000000000000000000
000000000000000000000
000000000000000000000
000000000000000000000
000000000000000000000
000001001402110000000
000000122001000000000
000002131012014400000
000001032144410300000
000000420001103300000
000002103011410200000
000004014011422300000
000001131011201100000
000000114121000000000
000000400002300200000
000001211304101000000
000000000000000000000
000000000000000000000
000000000000000000000
000000000000000000000
000000000000000000000

000000000000000000000
000000000000000000000
000000000000000000000
000000000000000000000
000000020023010000000
000002112423001300000
000012003201300010000
000010440410410210000
000002402014201230000
000001434040441010000
000013020100122110000
000044414132101440000
000000523154001020000
000012042112131020000
000012211111424310000
000000113140231100000
000001104313100000000
000000000000000000000
000000000000000000000
000000000000000000000
000000000000000000000

000000000000000000000
000000000000000000000
000000000000000000000
000001101012100000000
000001343002302100000
000002144041201001000
000021021031341220000
000042424031402211000
000211331104443112000
000124101044114010000
000014414441434432000
000041544422442340000
000101243440122410000
000110344114100101000
000140210413100440000
000000403410003110000
000000022312330100000
000001001014111000000
000000000000000000000
000000000000000000000
000000000000000000000

000000000000000000000
000000000000000000000
000000000300200000000
000000010244430000000
000001444202144110000
000004103041100110000
000102423222144401000
000110121300406201000
001421413210034301000
000104144033214241100
000110210444512234100
001442421433234014100
001434440321302240300
000031400144343421200
000044424304214121000
000203320421441220000
000023420112010410000
000001001154220000000
000000001315010000000
000000000000000000000
000000000000000000000

000000000000000000000
000000000440000000000
000000130134020000000
000001214024111000000
000020502440142320000
000125241040431520000
000131241240432441000
001414324424042404200
011244432014204101300
024223444114411541400
042031544131012414400
010220441424013442110
002141441044421414210
001234044444501442200
000302141242423320200
001043210413124110000
000124442142002410000
000000202114200010000
000001001144000000000
000000000043000000000
000000000000000000000

000000000140000000000
044445444444444444440
044444444444444444440
044444444444444444440
044444444444444444440
044444444444444544440
044444444444444444440
045444444444454444440
044445444444444444440
244444444444444544442
444444454444445544445
144444444444444444544
044444444444444444442
244444455444444444440
044444444444544444440
044444444444444544440
044454466444444444440
054444444444444544440
044444444444444444440
044445444444454444440
000000000023100000000
 
Total grains in the pile: 3551
