0
0
0
0
9521
7928
9190
7484
7413
8918
9067
9062
5481
6145
1394
947
773
669
586
494
459
435
365
407
334
342
327
294
266
295
291
238
221
224
218
212
209
201
181
165
151
147
150
146
155
149
131
133
134
100
137
115
118
98
112
82
99
109
76
82
108
80
74
87
79
68
64
74
64
64
70
79
64
69
63
64
48
49
47
75
50
43
59
55
63
60
56
52
43
48
61
45
48
52
49
31
41
49
50
40
45
37
47
33
33
42
39
38
32
35
38
46
35
28
33
25
38
38
20
31
26
32
32
31
37
33
18
24
27
27
29
24
28
27
25
21
25
22
24
18
18
29
22
23
14
15
16
25
20
27
23
17
15
22
17
23
21
18
21
22
19
22
19
19
12
21
24
15
16
10
25
15
15
18
15
23
20
16
21
17
16
13
13
5
11
11
16
18
15
14
24
20
14
11
22
11
14
20
9
12
15
17
12
14
10
9
14
13
17
17
13
14
10
11
5
3
7
10
14
13
11
11
13
10
10
7
5
6
7
13
11
13
9
9
7
7
15
10
9
9
20
10
8
10
5
10
9
11
8
16
10
8
10
12
10
8
14
11
6
6
6
7
7
11
7
9
10
7
10
3
5
7
5
12
9
5
6
9
5
8
14
9
9
8
6
6
8
8
9
11
8
5
4
6
3
4
6
8
8
6
9
2
7
9
8
4
6
9
9
5
7
4
10
6
4
9
8
9
9
7
7
1
3
2
4
8
6
6
10
4
6
4
6
4
7
3
2
5
5
1
5
1
2
2
10
4
3
6
6
9
4
12
2
3
4
5
4
4
3
4
5
2
7
6
6
3
4
5
4
4
5
5
5
4
4
4
4
6
3
5
5
2
8
5
5
2
7
3
3
6
5
2
5
5
5
4
2
2
5
9
3
5
1
1
2
3
2
8
6
2
8
0
3
1
3
6
3
1
5
2
2
2
2
1
4
4
4
1
2
8
5
1
2
5
5
3
1
3
1
0
4
4
4
1
6
3
2
5
2
3
2
2
2
1
1
9
2
6
1
6
2
1
2
3
3
3
0
5
1
4
7
6
3
4
1
5
2
3
4
1
1
2
2
3
5
1
0
2
2
0
0
3
1
4
3
2
1
2
0
2
1
3
2
1
1
0
1
1
1
1
1
3
2
3
2
1
3
2
1
3
1
4
0
3
3
0
1
3
1
2
2
3
0
0
2
1
2
0
5
1
3
0
2
2
4
2
2
4
2
4
1
1
3
0
1
2
3
4
0
2
1
0
2
2
0
0
2
0
2
2
1
0
0
3
2
3
2
0
1
1
1
4
1
1
0
2
3
1
2
1
4
0
0
1
3
2
2
2
2
0
1
0
0
1
1
3
0
3
3
2
2
0
0
1
0
3
0
3
0
3
2
0
1
0
2
0
0
0
0
3
0
1
3
1
1
0
1
1
1
1
2
1
0
2
1
1
3
2
1
0
0
0
1
0
0
0
2
1
3
0
1
1
2
2
1
2
1
1
1
2
1
1
0
0
0
2
0
4
2
0
0
0
0
1
0
0
3
2
0
0
0
0
2
0
1
3
0
0
0
2
0
0
0
0
1
0
0
3
0
2
1
0
1
0
0
0
0
0
0
0
0
0
3
1
1
0
1
1
1
2
0
0
0
0
1
2
0
0
1
0
0
0
1
0
1
2
1
0
2
0
0
1
1
0
0
2
4
0
1
0
0
1
0
0
0
0
0
0
0
0
2
2
0
1
0
1
0
0
1
1
1
1
1
0
0
0
1
1
0
0
0
0
0
0
0
0
1
2
0
0
0
0
2
0
0
1
0
1
1
0
0
0
0
1
1
0
0
0
1
0
0
0
1
0
0
0
0
0
0
0
2
1
0
1
1
0
0
0
0
0
1
0
0
0
1
0
0
0
0
0
1
0
1
0
0
0
0
0
0
1
0
0
1
0
1
1
0
1
1
0
1
0
0
1
1
1
0
1
1
0
0
0
0
0
2
1
0
1
1
0
0
0
1
0
0
0
1
1
1
1
0
0
0
1
0
0
0
0
0
1
1
0
1
0
1
0
2
1
0
0
0
0
1
0
2
0
0
0
0
2
0
1
0
0
1
0
0
0
0
0
0
1
1
0
0
0
0
2
0
0
0
1
0
0
0
1
0
0
0
1
0
0
0
2
0
0
0
0
0
0
0
0
0
0
1
0
0
0
0
0
0
0
1
0
0
0
0
0
0
0
0
1
0
0
0
0
0
0
0
0
0
0
1
0
0
0
0
2
0
0
0
0
0
0
0
0
0
0
0
1
0
0
0
0
0
0
0
0
1
0
0
0
0
0
0
0
0
0
0
0
0
0
0
0
0
0
0
0
0
0
1
0
0
0
0
0
0
0
0
0
0
0
0
0
0
0
0
0
0
0
0
0
0
0
0
2
0
0
0
0
0
0
0
0
0
0
0
1
0
0
0
0
0
0
0
0
0
1
0
0
0
0
0
0
0
0
0
1
0
0
0
0
0
0
0
0
1
0
0
0
0
0
0
0
0
0
1
0
0
0
0
0
0
0
0
0
0
0
0
0
0
0
0
0
0
0
0
0
0
0
0
0
0
0
0
1
0
0
0
0
0
0
0
0
0
0
0
0
0
0
0
0
0
0
0
0
0
0
0
0
0
0
0
1
0
0
0
0
0
0
0
0
0
0
0
0
0
0
0
0
0
1
0
0
0
0
0
0
0
1
0
0
0
0
0
1
0
0
0
0
0
1
0
0
0
0
0
0
0
0
0
0
0
0
0
0
0
0
0
0
0
0
0
0
0
0
0
0
0
0
0
0
0
0
0
0
0
0
0
0
0
0
0
0
0
0
0
0
0
0
0
0
0
0
0
0
0
0
0
0
0
0
0
0
0
0
0
0
0
0
0
0
0
0
0
0
0
0
0
0
0
0
0
0
0
0
0
0
0
0
0
0
0
0
0
0
0
0
0
0
0
0
0
0
0
0
0
0
0
0
0
0
0
0
0
0
0
0
0
1
0
0
0
0
0
0
0
0
1
0
0
0
0
0
0
0
0
0
0
0
1
1
0
0
0
0
0
0
0
0
0
0
0
0
0
0
0
0
0
0
0
0
0
0
0
0
0
0
0
0
0
0
0
0
0
0
0
0
0
0
0
0
1
0
0
0
0
0
0
0
0
0
0
0
0
0
0
0
0
0
0
0
0
0
0
0
0
0
0
0
0
0
0
0
0
0
0
0
0
0
0
0
0
0
0
0
0
0
0
0
0
0
0
0
0
0
0
0
0
0
0
0
0
0
0
0
0
1
0
0
0
0
0
0
0
0
0
0
0
0
0
0
0
0
0
0
0
1
