
                 
                 
                 
                 
                 
                 
                 
                 
                 
                 
                 
                 
                 
                 
                 
                 
                 

                 
                 
                 
                 
                 
                 
                 
                 
                 
                 
                 
                 
                 
                 
                 
                 
                 

                 
                 
                 
                 
                 
                 
                 
                 
        2        
                 
                 
                 
                 
                 
                 
                 
                 

                 
                 
                 
                 
                 
                 
                 
       512       
       343       
       440       
                 
                 
                 
                 
                 
                 
                 

                 
                 
                 
                 
                 
                 
      04410      
      00440      
      05441      
      04421      
      10310      
                 
                 
                 
                 
                 
                 

                 
                 
                 
                 
                 
     0004100     
     0241230     
     1303420     
     1402424     
     0144434     
     0211041     
     0020100     
                 
                 
                 
                 
                 

                 
                 
                 
                 
    000002100    
    010033000    
    000103212    
    004200100    
    002104010    
    022233320    
    002210200    
    000010001    
    000000000    
                 
                 
                 
                 

                 
                 
                 
   00000000000   
   00000000000   
   00100000000   
   00011020000   
   00021232000   
   00145241100   
   00041100000   
   00010210120   
   00001410000   
   00000000000   
   00000000000   
                 
                 
                 

                 
                 
  0000000000000  
  0000000000000  
  0000000000000  
  0000020000000  
  0000144000000  
  0000442110000  
  0002304444100  
  0000454132000  
  0001220402000  
  0000004000000  
  0000000000000  
  0000000000000  
  0000000000000  
                 
                 

                 
 000000000000000 
 000000000000000 
 000000000000000 
 000000011100000 
 000010203200000 
 000000442310100 
 000132342041000 
 000301044442200 
 000014420421000 
 000012252110000 
 000002043100000 
 000000000000000 
 000000000000000 
 000000000000000 
 000000000000000 
                 

00000000000000000
00100000100000000
00000000100000000
00000010320200000
00000044444210000
00002254444521010
00104444444444000
00114444544442100
00134444444444200
10024444444443000
00011444444441000
00002444444310000
00001144443300000
00000012321000000
00000000010000000
00000000000000000
00000000000000000
 
Total grains in the pile: 795
