
               
               
               
               
               
               
               
               
               
               
               
               
               
               
               

               
               
               
               
               
               
               
               
               
               
               
               
               
               
               

               
               
               
               
               
               
               
       0       
               
               
               
               
               
               
               

               
               
               
               
               
               
      100      
      402      
      413      
               
               
               
               
               
               

               
               
               
               
               
     42110     
     44001     
     44043     
     11004     
     12240     
               
               
               
               
               

               
               
               
               
    1141140    
    0410413    
    2015241    
    4044020    
    2044110    
    3021411    
    2242103    
               
               
               
               

               
               
               
   404401102   
   142414422   
   420430040   
   214111021   
   104012042   
   342040442   
   411100440   
   341422443   
   024411210   
               
               
               

               
               
  10212001100  
  05231114003  
  21434241041  
  04014424113  
  42411110041  
  12041324444  
  31023122031  
  41240444403  
  41014440230  
  30120511101  
  03401420030  
               
               

               
 0144213140300 
 1003124114430 
 1442513141140 
 3432014411240 
 4444204432442 
 2104421044402 
 1440441424434 
 4421042300054 
 4200444414014 
 0112232424412 
 2340344211440 
 1014423411410 
 0001004242100 
               

100244444441100
044444544444441
045444444455440
144444444444442
244444544444442
444554444644444
445444444444444
444444444544444
444445545445444
444444444444444
444445444445444
264444444444442
044444444444452
144454444444440
000004445440000
 
Total grains in the pile: 1741
