0
1317
7285
14588
10062
11201
14588
12254
1920
1553
1231
986
841
883
789
709
640
683
661
616
583
572
519
479
491
458
432
417
364
378
385
370
350
337
298
274
300
273
264
249
265
225
214
232
196
214
188
186
166
149
168
146
172
143
154
146
135
141
133
114
109
108
131
92
109
95
98
102
91
88
91
88
102
69
86
69
71
64
76
70
67
49
60
62
69
52
60
55
50
63
60
38
56
46
51
37
41
46
43
35
48
52
45
39
32
35
35
31
37
48
39
37
33
42
36
27
35
32
28
36
24
38
30
19
25
25
24
25
27
19
24
17
18
19
19
26
23
26
17
25
18
25
13
19
15
17
21
20
20
18
16
20
13
19
20
21
17
15
7
22
14
16
9
13
19
18
20
16
13
18
12
12
8
21
21
12
9
8
17
7
17
13
11
17
18
11
6
10
15
10
11
6
15
10
7
12
10
14
8
7
9
16
10
14
11
7
7
3
7
19
10
8
5
7
9
9
9
11
8
15
7
9
6
6
8
5
7
7
9
7
8
9
6
7
4
11
9
3
8
5
4
7
10
7
5
6
11
5
7
5
2
8
3
2
7
7
3
4
11
4
6
7
3
6
4
5
9
1
6
4
2
4
8
4
3
7
3
5
6
8
4
2
6
6
2
6
5
4
5
4
2
5
4
4
2
4
3
2
1
0
5
3
3
4
2
7
6
3
4
2
3
3
2
1
3
3
4
2
3
1
2
0
1
6
1
2
4
0
4
1
1
1
3
1
1
3
1
2
2
4
1
1
2
1
1
2
2
2
2
1
3
1
5
1
4
4
3
1
3
2
0
0
0
2
2
4
5
2
2
4
1
2
2
2
3
0
2
3
2
3
0
1
0
0
2
2
1
1
1
1
1
1
2
1
0
1
2
4
0
0
0
4
2
0
2
0
0
0
2
0
0
1
2
1
2
0
2
1
0
3
0
0
2
2
1
2
0
3
0
2
2
0
0
1
0
1
1
0
0
1
0
0
0
0
1
0
1
1
0
0
0
2
0
0
3
1
1
2
2
1
1
1
0
1
1
0
0
1
0
1
1
2
1
2
2
0
0
0
0
0
2
2
0
1
1
3
0
0
0
1
1
1
0
1
1
0
1
0
1
0
0
0
0
2
0
0
0
0
0
1
0
0
2
1
0
0
1
0
2
2
0
0
0
1
0
1
0
0
0
2
0
0
0
1
0
0
0
0
0
0
0
2
2
1
0
0
0
0
0
0
0
0
0
1
0
0
1
0
0
0
1
0
0
0
0
0
1
0
0
0
0
0
0
0
0
1
0
0
0
0
1
0
1
0
0
0
0
0
0
0
0
1
0
0
0
1
0
0
0
0
1
0
1
0
0
1
0
0
0
0
0
0
0
0
0
0
0
0
0
1
0
0
0
0
0
0
0
0
0
0
1
0
0
0
0
0
0
1
0
0
0
0
0
0
0
1
2
0
0
0
0
0
0
0
0
0
0
0
0
0
1
0
0
1
0
0
0
0
0
0
0
0
0
0
0
0
0
1
1
0
0
1
0
0
0
0
1
0
0
0
0
0
1
0
0
0
0
0
0
0
0
0
0
0
0
1
0
0
0
0
0
0
0
0
0
2
0
0
0
0
0
0
1
0
0
0
0
0
0
0
0
0
0
0
0
1
0
0
0
0
0
0
0
1
0
0
0
0
0
0
0
0
0
0
0
1
0
0
0
0
0
0
1
0
0
0
0
0
0
0
0
0
1
0
0
0
0
0
0
0
0
0
0
0
0
0
0
0
0
0
0
0
0
0
0
0
0
0
0
0
0
0
0
0
0
0
0
0
0
0
0
0
0
0
0
0
1
0
0
0
0
0
0
0
0
0
0
0
0
0
0
0
1
0
0
0
0
0
0
0
0
0
0
0
0
0
0
0
0
0
1
0
0
0
0
0
0
0
0
0
0
0
0
0
0
0
0
0
0
1
0
0
1
0
0
0
0
0
0
0
0
0
0
0
0
0
0
0
0
0
1
0
0
0
0
0
0
0
0
0
0
0
0
0
0
0
0
0
0
0
0
0
0
0
0
0
0
0
0
0
0
0
0
0
0
0
0
0
0
0
0
1
