
                     
                     
                     
                     
                     
                     
                     
                     
                     
                     
                     
                     
                     
                     
                     
                     
                     
                     
                     
                     
                     

                     
                     
                     
                     
                     
                     
                     
                     
                     
                     
                     
                     
                     
                     
                     
                     
                     
                     
                     
                     
                     

                     
                     
                     
                     
                     
                     
                     
                     
                     
                     
          1          
                     
                     
                     
                     
                     
                     
                     
                     
                     
                     

                     
                     
                     
                     
                     
                     
                     
                     
                     
         101         
         030         
         300         
                     
                     
                     
                     
                     
                     
                     
                     
                     

                     
                     
                     
                     
                     
                     
                     
                     
        00000        
        00000        
        00300        
        01000        
        00010        
                     
                     
                     
                     
                     
                     
                     
                     

                     
                     
                     
                     
                     
                     
                     
       0000000       
       0000000       
       0110000       
       0003100       
       0000000       
       0000000       
       0000000       
                     
                     
                     
                     
                     
                     
                     

                     
                     
                     
                     
                     
                     
      000000000      
      100001010      
      000000010      
      000031000      
      000030000      
      000000000      
      000000001      
      000100100      
      010000002      
                     
                     
                     
                     
                     
                     

                     
                     
                     
                     
                     
     00000001000     
     00002100000     
     01000011000     
     01002200000     
     00000302010     
     30100300000     
     00000010020     
     01000001000     
     00002001201     
     00010100100     
     00011000000     
                     
                     
                     
                     
                     

                     
                     
                     
                     
    0003000000100    
    0000000030010    
    0002001000000    
    1001010110000    
    0001123011000    
    0000103101003    
    0301004000000    
    0000010000200    
    0010111001103    
    1000001111230    
    0110003100000    
    0000002010100    
    0001020100010    
                     
                     
                     
                     

                     
                     
                     
   000000100030000   
   000032000002301   
   000110101300000   
   120020311100101   
   000010001300000   
   100130300130000   
   000202131130130   
   103001131312001   
   100100100001020   
   000301331202002   
   001010211110300   
   003010030030100   
   010001031100000   
   000010300101020   
   000010010100000   
                     
                     
                     

                     
                     
  00011101131100100  
  00002111102301100  
  31010310000024020  
  00023101333110220  
  33300303321003133  
  00001013033001310  
  11002303100300112  
  02110123333323300  
  02230133333120033  
  22010103001130300  
  01123123333110030  
  30111032223223000  
  11032135300300000  
  10210030331010010  
  00002304303003330  
  00000001333200010  
  00003103120000000  
                     
                     

                     
 0002201322333300110 
 0111321323331233210 
 0111022303343332310 
 0333243330101333332 
 0040333313333233301 
 3333103034332032333 
 3013313331440333300 
 4331133131113103333 
 2210333333033333101 
 3233303333330313333 
 0033101130333233210 
 2333330133020313333 
 3333123333344131313 
 1321333133103010321 
 3013311313321303333 
 0110233131330033300 
 1110111133131213212 
 0102332333331321300 
 0001303133333131000 
                     

000033333333333310000
033333335333333333330
033333433433333333330
033433333333333333330
233333333333333333331
034333333333333333332
333333334333333333333
333333333333333333333
333363333333333334333
333333333333433333333
333333333333333333333
433334333333433333333
333333343333433333333
333333335333533333333
333333333333333333333
133333333333333333332
033353333333333333332
133333333333333343331
034433333333334333330
033334333343333333340
000004333333333301000
 
Total grains in the pile: 2617
