0
447596
446460
511449
491039
551510
767630
971563
1142851
1305879
1184008
102879
90148
75828
68206
62868
59085
56147
53557
51109
49314
47960
45937
43980
42321
41277
39866
37806
36501
35134
33924
32645
30878
29975
28670
27483
26113
25316
24113
23215
22164
21325
20489
19646
18649
17824
17193
16367
15763
15221
14796
13817
13061
12708
12336
11793
11480
10676
10494
10065
9637
9439
9019
8461
8384
8027
7753
7479
7318
7000
6863
6606
6286
6226
5831
5782
5601
5402
5253
5149
5002
4908
4677
4569
4420
4310
4306
4187
4047
4011
3913
3839
3683
3530
3552
3476
3491
3360
3287
3214
3183
3089
3039
2962
2883
2850
2826
2779
2728
2655
2562
2700
2513
2544
2416
2392
2348
2384
2278
2356
2156
2222
2125
2115
2083
2019
2118
1993
1995
1933
1885
1866
1869
1855
1846
1820
1846
1763
1735
1753
1663
1670
1648
1656
1553
1617
1607
1531
1478
1475
1483
1557
1417
1447
1415
1350
1422
1385
1376
1391
1369
1372
1253
1291
1341
1300
1238
1234
1242
1244
1214
1158
1176
1199
1155
1160
1087
1067
1109
1059
1038
1085
1054
1061
1022
991
954
1030
1024
1019
1002
941
992
959
943
908
943
894
916
925
941
900
872
903
875
834
896
884
849
802
851
795
778
780
746
839
785
752
754
797
739
720
749
710
691
706
755
750
717
683
707
703
732
711
665
658
703
721
676
663
676
622
679
602
651
640
658
617
624
601
645
548
637
644
596
578
596
556
596
568
605
553
578
539
533
532
577
523
561
575
529
522
515
539
532
505
543
496
521
547
531
526
460
496
493
508
475
489
490
470
511
497
473
420
447
460
466
472
432
477
421
471
429
392
420
435
414
427
403
406
379
390
423
400
414
412
392
412
392
416
402
401
384
383
325
371
368
368
341
369
366
359
377
379
364
356
369
379
365
361
380
370
381
316
352
334
340
380
326
348
324
361
334
318
290
321
318
305
344
342
323
328
295
303
326
301
296
301
305
301
326
290
271
312
307
293
307
315
307
296
261
292
285
271
286
297
265
269
275
241
250
265
259
273
278
256
242
255
231
247
266
242
256
260
270
272
267
253
290
241
222
297
238
254
247
229
241
246
236
247
233
242
255
238
206
235
245
223
222
246
239
231
241
225
239
241
244
227
228
200
210
204
234
218
237
216
236
188
203
211
187
181
216
197
208
182
209
210
211
207
205
177
191
189
178
183
213
167
211
182
153
172
189
177
204
183
194
179
202
192
186
207
169
183
185
173
176
155
166
161
176
182
179
203
175
184
168
173
152
179
159
153
164
152
155
171
171
147
182
182
136
153
152
155
183
149
164
175
143
150
148
144
160
143
167
147
167
143
117
149
145
126
148
161
169
158
157
133
136
146
142
143
142
129
159
118
142
154
144
123
136
162
136
118
133
141
136
126
132
142
119
137
134
132
131
120
123
119
121
118
119
142
126
127
120
134
100
121
117
127
145
131
105
96
115
104
118
109
125
92
108
121
124
112
111
133
125
129
117
116
140
133
86
101
116
108
104
115
105
112
125
93
106
121
99
95
97
97
116
111
105
106
93
83
111
101
94
90
109
106
107
107
114
105
89
98
89
98
102
97
84
93
91
100
91
91
98
90
90
89
100
82
95
95
79
104
81
80
90
104
81
94
91
99
99
77
97
85
100
89
103
69
87
82
90
99
91
95
98
82
70
89
82
84
73
85
82
64
90
84
83
96
87
70
72
73
77
64
73
93
83
48
76
78
75
78
66
81
76
69
68
68
84
77
75
76
65
56
78
72
75
80
69
67
76
72
62
79
76
80
66
74
61
79
59
69
69
69
77
60
60
65
80
62
59
69
79
89
76
65
59
55
68
78
61
72
56
64
62
61
57
64
64
60
45
64
67
62
67
52
61
52
57
62
66
57
66
58
78
62
67
62
52
60
69
49
64
51
56
53
46
53
61
58
46
49
51
60
56
49
50
51
54
50
55
49
61
71
57
54
47
73
52
48
42
56
50
58
67
51
47
62
37
65
48
54
49
48
56
52
60
54
57
43
42
56
63
40
45
39
51
50
50
36
45
52
41
55
36
41
56
39
45
36
52
49
45
48
41
43
56
44
54
48
37
41
52
50
53
42
44
37
44
47
45
37
44
38
49
44
53
47
31
51
31
38
46
42
38
41
46
44
39
43
39
26
39
35
34
48
39
48
34
39
33
40
35
40
31
47
44
39
32
37
38
38
39
34
33
42
36
37
40
32
36
42
32
42
45
41
36
38
43
27
35
35
40
33
27
36
32
40
33
38
38
32
31
40
37
30
34
27
21
33
24
29
34
28
28
32
35
35
27
31
22
37
33
31
29
30
31
35
38
24
33
26
29
32
22
33
35
25
30
31
27
24
38
25
18
26
18
35
30
40
19
24
33
26
32
33
31
21
27
24
27
32
25
29
30
34
29
29
29
27
23
18
35
24
27
29
29
35
21
24
24
29
22
24
24
18
25
29
25
15
25
22
21
21
25
24
16
24
20
21
20
18
25
19
28
23
17
22
26
22
21
20
19
18
24
24
26
22
22
24
26
27
12
31
16
16
21
27
24
20
25
15
16
22
25
24
18
21
10
20
17
22
17
17
23
22
16
20
20
22
20
19
22
15
21
26
22
17
19
22
18
16
13
25
17
19
20
22
17
8
16
13
21
18
18
26
12
16
13
16
23
16
23
14
32
20
12
19
19
11
16
13
19
19
15
18
14
22
18
20
14
16
12
17
18
16
8
14
14
11
12
16
14
15
20
8
11
11
14
12
13
17
14
5
17
20
9
23
11
13
13
11
12
20
14
19
12
18
9
14
13
17
15
16
11
11
11
16
14
5
12
11
17
8
16
12
13
15
6
12
15
13
16
15
23
24
8
12
18
14
13
14
15
6
15
15
9
13
13
18
12
17
12
11
18
12
18
14
14
12
15
19
20
8
14
13
4
13
11
18
8
13
16
11
12
8
17
9
8
13
13
15
16
13
9
9
9
8
11
5
14
10
13
5
12
10
7
10
15
11
8
12
12
15
8
12
18
13
11
11
12
10
7
10
9
13
8
13
10
6
12
7
9
12
14
11
14
9
14
4
9
12
7
17
9
15
9
9
9
8
7
13
15
3
8
12
15
10
9
4
13
11
4
10
9
5
7
7
7
13
5
9
9
6
13
9
8
9
11
2
11
6
13
7
7
6
9
5
13
9
10
8
8
8
5
7
3
10
8
5
7
8
11
7
8
11
3
6
5
14
9
10
6
8
8
9
7
10
7
9
12
6
6
5
7
7
9
7
2
10
8
6
3
10
4
7
7
4
7
3
10
6
6
5
6
1
7
8
3
9
4
10
6
9
3
9
6
7
7
10
4
3
9
11
8
8
8
5
8
4
5
8
9
4
8
3
5
6
3
4
6
5
3
7
6
3
5
6
5
7
4
8
5
8
3
4
8
3
7
3
4
8
3
5
6
5
0
8
8
5
4
9
7
4
5
11
8
8
5
5
8
7
5
7
6
7
5
3
1
4
6
4
8
4
2
7
3
3
7
3
8
8
1
2
2
4
2
5
5
5
3
6
6
5
7
2
4
5
4
6
4
6
5
5
4
3
10
3
3
5
4
6
6
3
2
6
5
1
4
6
3
6
6
4
3
6
4
7
8
6
6
4
2
4
3
4
1
7
5
4
8
1
3
3
1
0
5
2
1
1
2
6
0
3
3
4
6
4
3
4
3
4
1
0
3
5
8
0
3
2
4
7
6
4
6
4
5
2
5
7
5
3
4
2
0
1
4
2
6
1
10
2
4
6
3
1
4
0
3
1
0
4
0
5
8
3
2
2
2
0
3
2
7
0
3
3
4
1
2
5
1
6
2
1
2
4
2
1
3
4
1
2
3
3
4
0
1
4
1
4
2
2
4
1
1
2
3
3
3
3
4
2
2
6
2
1
2
2
2
1
4
2
2
3
4
4
0
3
0
4
5
3
0
2
4
2
3
4
2
0
3
3
1
3
3
2
1
1
3
2
1
1
1
5
2
3
2
4
2
0
1
3
2
5
0
3
2
2
2
1
3
2
2
1
2
2
0
2
2
0
1
4
4
0
3
1
2
1
3
2
0
1
3
4
2
1
0
2
1
2
4
2
0
1
3
3
0
0
0
0
3
1
2
1
1
0
0
3
1
2
1
2
2
1
0
1
2
1
1
3
2
2
2
0
2
1
2
3
4
0
1
1
1
1
1
4
1
1
2
2
3
0
2
1
0
0
2
2
2
1
0
2
0
0
2
3
1
1
0
0
2
1
1
1
1
0
1
3
2
2
2
2
0
0
1
1
2
1
1
2
1
0
2
1
1
4
0
1
1
0
2
3
2
1
0
0
0
0
1
1
0
3
1
0
0
0
1
0
2
1
5
0
3
1
2
2
1
0
3
1
1
0
0
1
0
1
0
1
3
0
0
2
0
0
0
1
1
1
1
2
0
2
0
1
0
0
0
1
0
1
0
0
1
1
2
1
2
1
1
1
0
0
0
1
1
2
1
1
3
1
3
0
0
1
0
0
0
0
1
0
2
1
2
0
1
0
0
0
2
1
1
0
0
0
0
1
4
1
0
1
1
2
0
0
0
1
0
4
2
1
1
0
0
1
0
0
0
2
0
0
0
1
0
2
1
0
1
1
1
0
0
0
0
0
0
0
2
1
0
2
0
1
1
0
3
1
0
3
2
0
2
0
0
1
1
0
0
1
1
0
2
1
0
0
0
0
0
0
1
0
0
1
1
1
2
1
0
1
0
1
1
0
0
1
0
0
0
1
0
0
0
0
0
0
0
1
0
1
0
0
0
1
0
3
1
2
0
1
1
0
2
0
0
1
0
0
1
1
0
0
0
0
1
0
0
1
0
0
1
0
0
0
2
0
0
0
0
0
1
0
0
0
2
3
0
0
0
0
0
1
1
0
1
1
0
0
0
0
0
1
1
1
1
0
0
0
0
1
0
1
0
0
0
0
0
1
1
1
1
0
0
2
2
0
0
1
0
0
0
0
0
0
0
0
1
2
0
0
0
0
0
1
0
0
0
1
1
0
0
1
0
1
0
0
0
0
0
2
1
0
1
0
0
1
2
1
0
1
0
0
0
0
0
1
1
0
1
0
0
0
0
0
0
0
0
1
0
1
2
0
1
0
0
0
0
0
0
0
1
1
0
0
0
0
0
0
0
0
0
0
0
0
1
0
0
0
0
0
0
0
0
0
0
0
0
1
0
0
0
0
0
0
0
0
0
0
0
1
0
0
1
1
1
0
0
0
0
0
0
0
0
0
1
0
0
0
0
1
1
0
0
0
0
1
0
0
0
0
0
0
2
0
0
0
2
0
1
1
0
0
0
1
0
0
1
1
0
0
1
0
0
0
0
0
0
0
0
0
0
1
0
0
2
0
0
0
0
0
0
0
0
0
0
0
1
0
1
0
0
0
1
0
0
1
0
0
0
0
0
0
0
0
0
0
0
0
1
0
0
0
1
1
0
0
0
0
0
0
0
0
0
0
1
0
0
0
0
0
0
0
0
0
0
0
0
0
0
0
0
0
0
0
0
0
0
0
0
0
0
1
0
1
1
0
0
0
0
0
0
0
0
0
0
0
0
0
0
0
0
1
0
0
0
0
0
0
0
0
0
0
1
0
0
0
0
2
0
0
0
0
0
1
0
0
0
0
0
0
1
0
0
0
0
0
0
0
1
0
0
0
0
0
0
0
0
0
0
0
0
0
0
0
0
0
0
0
0
0
0
0
0
0
0
0
0
0
0
0
0
0
0
0
0
0
0
0
0
0
1
0
0
0
0
0
0
0
0
0
0
0
0
1
0
0
0
0
1
0
0
0
0
0
0
0
0
0
0
0
0
0
0
0
0
0
0
0
0
0
0
1
0
0
0
0
0
0
0
0
0
0
0
0
0
0
0
1
0
0
0
0
0
0
0
1
0
0
0
0
0
0
0
0
0
0
0
0
0
0
0
0
0
0
0
1
0
0
0
0
0
0
0
0
0
0
0
0
0
0
0
0
0
0
0
1
0
0
0
0
0
0
0
0
0
0
0
0
0
0
0
0
0
0
0
0
0
0
0
0
0
0
0
0
0
0
0
0
0
0
0
0
0
0
0
0
0
0
0
0
0
0
0
0
0
0
0
0
0
0
0
0
1
0
0
0
0
0
0
0
0
0
0
0
0
0
0
0
0
0
0
1
0
0
0
0
0
0
0
0
0
0
0
0
0
0
0
0
0
0
0
0
0
0
0
0
0
0
0
0
0
0
0
0
0
0
0
0
0
0
0
0
0
0
0
0
0
0
0
0
0
0
0
0
0
0
0
0
0
0
0
0
0
0
0
0
0
0
0
0
0
0
0
0
0
0
0
0
0
1
0
0
0
1
0
0
0
0
0
0
0
0
0
0
0
0
0
0
0
0
0
0
0
0
0
0
0
0
0
0
0
0
0
0
0
0
0
0
0
0
0
0
0
0
0
0
0
0
0
0
0
0
0
0
0
0
0
0
1
0
0
0
0
0
0
0
0
0
0
0
0
0
0
0
0
0
0
0
0
0
0
1
0
0
0
0
0
0
0
0
0
0
0
0
0
0
0
0
0
0
0
0
0
0
0
0
0
0
0
0
0
0
0
0
0
0
0
0
0
0
0
0
0
0
0
0
1
0
0
0
0
0
0
0
0
0
0
0
0
0
0
0
0
0
1
