
           
           
           
           
           
           
           
           
           
           
           

           
           
           
           
           
           
           
           
           
           
           

           
           
           
           
           
     1     
           
           
           
           
           

           
           
           
           
    131    
    111    
    440    
           
           
           
           

           
           
           
   01244   
   00424   
   31021   
   13132   
   01024   
           
           
           

           
           
  1004212  
  5204402  
  3202511  
  2104341  
  0110421  
  0223041  
  0001112  
           
           

           
 001140444 
 141234440 
 440042341 
 143440441 
 302424401 
 440342214 
 032144400 
 231413104 
 341141024 
           

34444444443
44444444444
44444444444
44544444444
44444444444
44444444444
44544444444
44444444544
64444444444
44444444444
14444444443
 
Total grains in the pile: 816
