0
2720
7121
19967
16685
17707
1946
3081
1739
1446
1338
1224
1208
1081
1036
969
968
889
860
787
704
691
614
629
573
511
585
487
484
466
414
430
370
374
345
323
316
326
320
292
278
252
252
245
223
209
235
221
195
207
171
205
183
168
170
163
160
154
142
144
130
122
136
116
93
97
106
101
96
89
76
84
89
74
79
68
40
65
70
59
58
73
61
42
62
48
47
42
44
44
53
50
57
37
36
34
38
33
47
43
33
34
18
30
22
21
19
24
33
25
25
15
26
22
17
17
12
17
17
15
15
19
17
11
14
13
15
18
7
16
16
12
14
14
12
4
11
13
15
13
8
9
11
11
8
12
7
8
9
12
10
11
9
7
4
7
6
16
9
5
5
5
5
7
9
6
10
4
8
8
2
5
3
3
7
5
4
6
5
5
5
5
4
2
4
8
3
3
2
4
6
4
2
4
6
3
4
4
0
1
4
1
4
2
4
2
3
4
5
2
3
1
1
4
0
2
4
5
2
4
2
1
1
2
0
3
3
2
1
3
1
3
1
0
3
0
1
0
2
2
2
0
4
1
1
0
1
1
1
4
0
0
1
1
2
1
1
0
1
2
1
0
2
3
1
2
0
1
2
1
0
0
0
0
3
2
3
0
2
0
1
0
0
0
1
1
0
1
0
1
0
0
0
0
2
0
0
0
1
1
0
1
1
3
1
0
2
0
0
0
1
1
1
0
0
0
1
1
0
0
0
0
0
1
0
1
0
0
0
1
0
1
0
0
0
1
0
0
0
0
0
0
1
1
1
0
0
2
0
0
0
0
1
0
0
0
0
0
0
0
0
0
0
0
0
0
0
0
0
0
0
0
0
0
1
0
0
0
0
0
2
0
0
0
0
1
0
0
0
1
0
0
0
0
0
0
0
0
0
2
0
0
0
0
0
0
0
0
0
0
0
0
1
0
0
0
0
0
0
0
0
0
0
0
0
0
0
1
0
0
0
0
0
0
0
0
0
0
1
0
0
0
0
0
0
0
0
0
0
0
0
0
0
0
0
0
0
0
0
0
0
0
0
0
0
0
0
0
0
0
1
0
0
0
0
0
0
0
0
0
0
0
0
0
0
0
0
0
0
0
0
0
0
0
0
0
0
0
0
0
0
0
0
0
0
0
0
0
0
0
0
0
0
0
0
0
0
0
0
0
1
0
1
0
0
0
0
0
0
0
0
0
0
0
0
0
0
0
0
0
0
0
0
0
0
0
0
0
0
0
0
0
0
0
1
