
000000000000000000000000000000000000000000000000000
000000000000000000000000000000000000000000000000000
000000000000000000000000000000000000000000000000000
000000000000000000000000000000000000000000000000000
000000000000000000000000000000000000000000000000000
000000000000000000000000000000000000000000000000000
000000000000000000000000000000000000000000000000000
000000000000000000000000000000000000000000000000000
000000000000000000000000000000000000000000000000000
000000000000000000000000000000000000000000000000000
000000000000000000000000000000000000000000000000000
000000000000000000000000000000000000000000000000000
000000000000000000000000000000000000000000000000000
000000000000000000000000000000000000000000000000000
000000000000000000000000000000000000000000000000000
000000000000000000000000000000000000000000000000000
000000000000000000000000000000000000000000000000000
000000000000000000000000000000000000000000000000000
000000000000000000000000000000000000000000000000000
000000000000000000000000000000000000000000000000000
000000000000000000000000000000000000000000000000000
000000000000000000000000000000000000000000000000000
000000000000000000000000000000000000000000000000000
000000000000000000000000000000000000000000000000000
000000000000000000000000000000000000000000000000000
000000000000000000000000000000000000000000000000000
000000000000000000000000000000000000000000000000000
000000000000000000000000000000000000000000000000000
000000000000000000000000000000000000000000000000000
000000000000000000000000000000000000000000000000000
000000000000000000000000000000000000000000000000000
000000000000000000000000000000000000000000000000000
000000000000000000000000000000000000000000000000000
000000000000000000000000000000000000000000000000000
000000000000000000000000000000000000000000000000000
000000000000000000000000000000000000000000000000000
000000000000000000000000000000000000000000000000000
000000000000000000000000000000000000000000000000000
000000000000000000000000000000000000000000000000000
000000000000000000000000000000000000000000000000000
000000000000000000000000000000000000000000000000000
000000000000000000000000000000000000000000000000000
000000000000000000000000000000000000000000000000000
000000000000000000000000000000000000000000000000000
000000000000000000000000000000000000000000000000000
000000000000000000000000000000000000000000000000000
000000000000000000000000000000000000000000000000000
000000000000000000000000000000000000000000000000000
000000000000000000000000000000000000000000000000000
000000000000000000000000000000000000000000000000000
000000000000000000000000000000000000000000000000000

000000000000000000000000000000000000000000000000000
000000000000000000000000000000000000000000000000000
000000000000000000000000000000000000000000000000000
000000000000000000000000000000000000000000000000000
000000000000000000000000000000000000000000000000000
000000000000000000000000000000000000000000000000000
000000000000000000000000000000000000000000000000000
000000000000000000000000000000000000000000000000000
000000000000000000000000000000000000000000000000000
000000000000000000000000000000000000000000000000000
000000000000000000000000000000000000000000000000000
000000000000000000000000000000000000000000000000000
000000000000000000000000000000000000000000000000000
000000000000000000000000000000000000000000000000000
000000000000000000000000000000000000000000000000000
000000000000000000000000000000000000000000000000000
000000000000000000000000000000000000000000000000000
000000000000000000000000000000000000000000000000000
000000000000000000000000000000000000000000000000000
000000000000000000000000000000000000000000000000000
000000000000000000000000000000000000000000000000000
000000000000000000000000000000000000000000000000000
000000000000000000000000000000000000000000000000000
000000000000000000000000000000000000000000000000000
000000000000000000000000000000000000000000000000000
000000000000000000000000000000000000000000000000000
000000000000000000000000000000000000000000000000000
000000000000000000000000000000000000000000000000000
000000000000000000000000000000000000000000000000000
000000000000000000000000000000000000000000000000000
000000000000000000000000000000000000000000000000000
000000000000000000000000000000000000000000000000000
000000000000000000000000000000000000000000000000000
000000000000000000000000000000000000000000000000000
000000000000000000000000000000000000000000000000000
000000000000000000000000000000000000000000000000000
000000000000000000000000000000000000000000000000000
000000000000000000000000000000000000000000000000000
000000000000000000000000000000000000000000000000000
000000000000000000000000000000000000000000000000000
000000000000000000000000000000000000000000000000000
000000000000000000000000000000000000000000000000000
000000000000000000000000000000000000000000000000000
000000000000000000000000000000000000000000000000000
000000000000000000000000000000000000000000000000000
000000000000000000000000000000000000000000000000000
000000000000000000000000000000000000000000000000000
000000000000000000000000000000000000000000000000000
000000000000000000000000000000000000000000000000000
000000000000000000000000000000000000000000000000000
000000000000000000000000000000000000000000000000000

000000000000000000000000000000000000000000000000000
000000000000000000000000000000000000000000000000000
000000000000000000000000000000000000000000000000000
000000000000000000000000000000000000000000000000000
000000000000000000000000000000000000000000000000000
000000000000000000000000000000000000000000000000000
000000000000000000000000000000000000000000000000000
000000000000000000000000000000000000000000000000000
000000000000000000000000000000000000000000000000000
000000000000000000000000000000000000000000000000000
000000000000000000000000000000000000000000000000000
000000000000000000000000000000000000000000000000000
000000000000000000000000000000000000000000000000000
000000000000000000000000000000000000000000000000000
000000000000000000000000000000000000000000000000000
000000000000000000000000000000000000000000000000000
000000000000000000000000000000000000000000000000000
000000000000000000000000000000000000000000000000000
000000000000000000000000000000000000000000000000000
000000000000000000000000000000000000000000000000000
000000000000000000000000000000000000000000000000000
000000000000000000000000000000000000000000000000000
000000000000000000000000000000000000000000000000000
000000000000000000000000000000000000000000000000000
000000000000000000000000000000000000000000000000000
000000000000000000000000000000000000000000000000000
000000000000000000000000000000000000000000000000000
000000000000000000000000000000000000000000000000000
000000000000000000000000000000000000000000000000000
000000000000000000000000000000000000000000000000000
000000000000000000000000000000000000000000000000000
000000000000000000000000000000000000000000000000000
000000000000000000000000000000000000000000000000000
000000000000000000000000000000000000000000000000000
000000000000000000000000000000000000000000000000000
000000000000000000000000000000000000000000000000000
000000000000000000000000000000000000000000000000000
000000000000000000000000000000000000000000000000000
000000000000000000000000000000000000000000000000000
000000000000000000000000000000000000000000000000000
000000000000000000000000000000000000000000000000000
000000000000000000000000000000000000000000000000000
000000000000000000000000000000000000000000000000000
000000000000000000000000000000000000000000000000000
000000000000000000000000000000000000000000000000000
000000000000000000000000000000000000000000000000000
000000000000000000000000000000000000000000000000000
000000000000000000000000000000000000000000000000000
000000000000000000000000000000000000000000000000000
000000000000000000000000000000000000000000000000000
000000000000000000000000000000000000000000000000000

000000000000000000000000000000000000000000000000000
000000000000000000000000000000000000000000000000000
000000000000000000000000000000000000000000000000000
000000000000000000000000000000000000000000000000000
000000000000000000000000000000000000000000000000000
000000000000000000000000000000000000000000000000000
000000000000000000000000000000000000000000000000000
000000000000000000000000000000000000000000000000000
000000000000000000000000000000000000000000000000000
000000000000000000000000000000000000000000000000000
000000000000000000000000000000000000000000000000000
000000000000000000000000000000000000000000000000000
000000000000000000000000000000000000000000000000000
000000000000000000000000000000000000000000000000000
000000000000000000000000000000000000000000000000000
000000000000000000000000000000000000000000000000000
000000000000000000000000000000000000000000000000000
000000000000000000000000000000000000000000000000000
000000000000000000000000000000000000000000000000000
000000000000000000000000000000000000000000000000000
000000000000000000000000000000000000000000000000000
000000000000000000000000000000000000000000000000000
000000000000000000000000000000000000000000000000000
000000000000000000000000000000000000000000000000000
000000000000000000000000000000000000000000000000000
000000000000000000000000000000000000000000000000000
000000000000000000000000000000000000000000000000000
000000000000000000000000000000000000000000000000000
000000000000000000000000000000000000000000000000000
000000000000000000000000000000000000000000000000000
000000000000000000000000000000000000000000000000000
000000000000000000000000000000000000000000000000000
000000000000000000000000000000000000000000000000000
000000000000000000000000000000000000000000000000000
000000000000000000000000000000000000000000000000000
000000000000000000000000000000000000000000000000000
000000000000000000000000000000000000000000000000000
000000000000000000000000000000000000000000000000000
000000000000000000000000000000000000000000000000000
000000000000000000000000000000000000000000000000000
000000000000000000000000000000000000000000000000000
000000000000000000000000000000000000000000000000000
000000000000000000000000000000000000000000000000000
000000000000000000000000000000000000000000000000000
000000000000000000000000000000000000000000000000000
000000000000000000000000000000000000000000000000000
000000000000000000000000000000000000000000000000000
000000000000000000000000000000000000000000000000000
000000000000000000000000000000000000000000000000000
000000000000000000000000000000000000000000000000000
000000000000000000000000000000000000000000000000000

000000000000000000000000000000000000000000000000000
000000000000000000000000000000000000000000000000000
000000000000000000000000000000000000000000000000000
000000000000000000000000000000000000000000000000000
000000000000000000000000000000000000000000000000000
000000000000000000000000000000000000000000000000000
000000000000000000000000000000000000000000000000000
000000000000000000000000000000000000000000000000000
000000000000000000000000000000000000000000000000000
000000000000000000000000000000000000000000000000000
000000000000000000000000000000000000000000000000000
000000000000000000000000000000000000000000000000000
000000000000000000000000000000000000000000000000000
000000000000000000000000000000000000000000000000000
000000000000000000000000000000000000000000000000000
000000000000000000000000000000000000000000000000000
000000000000000000000000000000000000000000000000000
000000000000000000000000000000000000000000000000000
000000000000000000000000000000000000000000000000000
000000000000000000000000000000000000000000000000000
000000000000000000000000000000000000000000000000000
000000000000000000000000000000000000000000000000000
000000000000000000000000000000000000000000000000000
000000000000000000000000000000000000000000000000000
000000000000000000000000000000000000000000000000000
000000000000000000000000050000000000000000000000000
000000000000000000000000000000000000000000000000000
000000000000000000000000000000000000000000000000000
000000000000000000000000000000000000000000000000000
000000000000000000000000000000000000000000000000000
000000000000000000000000000000000000000000000000000
000000000000000000000000000000000000000000000000000
000000000000000000000000000000000000000000000000000
000000000000000000000000000000000000000000000000000
000000000000000000000000000000000000000000000000000
000000000000000000000000000000000000000000000000000
000000000000000000000000000000000000000000000000000
000000000000000000000000000000000000000000000000000
000000000000000000000000000000000000000000000000000
000000000000000000000000000000000000000000000000000
000000000000000000000000000000000000000000000000000
000000000000000000000000000000000000000000000000000
000000000000000000000000000000000000000000000000000
000000000000000000000000000000000000000000000000000
000000000000000000000000000000000000000000000000000
000000000000000000000000000000000000000000000000000
000000000000000000000000000000000000000000000000000
000000000000000000000000000000000000000000000000000
000000000000000000000000000000000000000000000000000
000000000000000000000000000000000000000000000000000
000000000000000000000000000000000000000000000000000

000000000000000000000000000000000000000000000000000
000000000000000000000000000000000000000000000000000
000000000000000000000000000000000000000000000000000
000000000000000000000000000000000000000000000000000
000000000000000000000000000000000000000000000000000
000000000000000000000000000000000000000000000000000
000000000000000000000000000000000000000000000000000
000000000000000000000000000000000000000000000000000
000000000000000000000000000000000000000000000000000
000000000000000000000000000000000000000000000000000
000000000000000000000000000000000000000000000000000
000000000000000000000000000000000000000000000000000
000000000000000000000000000000000000000000000000000
000000000000000000000000000000000000000000000000000
000000000000000000000000000000000000000000000000000
000000000000000000000000000000000000000000000000000
000000000000000000000000000000000000000000000000000
000000000000000000000000000000000000000000000000000
000000000000000000000000000000000000000000000000000
000000000000000000000000000000000000000000000000000
000000000000000000000000000000000000000000000000000
000000000000000000000000000000000000000000000000000
000000000000000000000000000000000000000000000000000
000000000000000000000000000000000000000000000000000
000000000000000000000000134000000000000000000000000
000000000000000000000000441000000000000000000000000
000000000000000000000000430000000000000000000000000
000000000000000000000000000000000000000000000000000
000000000000000000000000000000000000000000000000000
000000000000000000000000000000000000000000000000000
000000000000000000000000000000000000000000000000000
000000000000000000000000000000000000000000000000000
000000000000000000000000000000000000000000000000000
000000000000000000000000000000000000000000000000000
000000000000000000000000000000000000000000000000000
000000000000000000000000000000000000000000000000000
000000000000000000000000000000000000000000000000000
000000000000000000000000000000000000000000000000000
000000000000000000000000000000000000000000000000000
000000000000000000000000000000000000000000000000000
000000000000000000000000000000000000000000000000000
000000000000000000000000000000000000000000000000000
000000000000000000000000000000000000000000000000000
000000000000000000000000000000000000000000000000000
000000000000000000000000000000000000000000000000000
000000000000000000000000000000000000000000000000000
000000000000000000000000000000000000000000000000000
000000000000000000000000000000000000000000000000000
000000000000000000000000000000000000000000000000000
000000000000000000000000000000000000000000000000000
000000000000000000000000000000000000000000000000000

000000000000000000000000000000000000000000000000000
000000000000000000000000000000000000000000000000000
000000000000000000000000000000000000000000000000000
000000000000000000000000000000000000000000000000000
000000000000000000000000000000000000000000000000000
000000000000000000000000000000000000000000000000000
000000000000000000000000000000000000000000000000000
000000000000000000000000000000000000000000000000000
000000000000000000000000000000000000000000000000000
000000000000000000000000000000000000000000000000000
000000000000000000000000000000000000000000000000000
000000000000000000000000000000000000000000000000000
000000000000000000000000000000000000000000000000000
000000000000000000000000000000000000000000000000000
000000000000000000000000000000000000000000000000000
000000000000000000000000000000000000000000000000000
000000000000000000000000000000000000000000000000000
000000000000000000000000000000000000000000000000000
000000000000000000000000000000000000000000000000000
000000000000000000000000000000000000000000000000000
000000000000000000000000000000000000000000000000000
000000000000000000000000000000000000000000000000000
000000000000000000000000000000000000000000000000000
000000000000000000000000001100000000000000000000000
000000000000000000000001202000000000000000000000000
000000000000000000000000403300000000000000000000000
000000000000000000000001401000000000000000000000000
000000000000000000000001131100000000000000000000000
000000000000000000000000000000000000000000000000000
000000000000000000000000000000000000000000000000000
000000000000000000000000000000000000000000000000000
000000000000000000000000000000000000000000000000000
000000000000000000000000000000000000000000000000000
000000000000000000000000000000000000000000000000000
000000000000000000000000000000000000000000000000000
000000000000000000000000000000000000000000000000000
000000000000000000000000000000000000000000000000000
000000000000000000000000000000000000000000000000000
000000000000000000000000000000000000000000000000000
000000000000000000000000000000000000000000000000000
000000000000000000000000000000000000000000000000000
000000000000000000000000000000000000000000000000000
000000000000000000000000000000000000000000000000000
000000000000000000000000000000000000000000000000000
000000000000000000000000000000000000000000000000000
000000000000000000000000000000000000000000000000000
000000000000000000000000000000000000000000000000000
000000000000000000000000000000000000000000000000000
000000000000000000000000000000000000000000000000000
000000000000000000000000000000000000000000000000000
000000000000000000000000000000000000000000000000000

000000000000000000000000000000000000000000000000000
000000000000000000000000000000000000000000000000000
000000000000000000000000000000000000000000000000000
000000000000000000000000000000000000000000000000000
000000000000000000000000000000000000000000000000000
000000000000000000000000000000000000000000000000000
000000000000000000000000000000000000000000000000000
000000000000000000000000000000000000000000000000000
000000000000000000000000000000000000000000000000000
000000000000000000000000000000000000000000000000000
000000000000000000000000000000000000000000000000000
000000000000000000000000000000000000000000000000000
000000000000000000000000000000000000000000000000000
000000000000000000000000000000000000000000000000000
000000000000000000000000000000000000000000000000000
000000000000000000000000000000000000000000000000000
000000000000000000000000000000000000000000000000000
000000000000000000000000000000000000000000000000000
000000000000000000000000000000000000000000000000000
000000000000000000000000000000000000000000000000000
000000000000000000000000000000000000000000000000000
000000000000000000000000000000000000000000000000000
000000000000000000000011011210000000000000000000000
000000000000000000000000310020000000000000000000000
000000000000000000000010401000000000000000000000000
000000000000000000000010112040000000000000000000000
000000000000000000000010104010000000000000000000000
000000000000000000000042431010000000000000000000000
000000000000000000000012102410000000000000000000000
000000000000000000000000000000000000000000000000000
000000000000000000000000000000000000000000000000000
000000000000000000000000000000000000000000000000000
000000000000000000000000000000000000000000000000000
000000000000000000000000000000000000000000000000000
000000000000000000000000000000000000000000000000000
000000000000000000000000000000000000000000000000000
000000000000000000000000000000000000000000000000000
000000000000000000000000000000000000000000000000000
000000000000000000000000000000000000000000000000000
000000000000000000000000000000000000000000000000000
000000000000000000000000000000000000000000000000000
000000000000000000000000000000000000000000000000000
000000000000000000000000000000000000000000000000000
000000000000000000000000000000000000000000000000000
000000000000000000000000000000000000000000000000000
000000000000000000000000000000000000000000000000000
000000000000000000000000000000000000000000000000000
000000000000000000000000000000000000000000000000000
000000000000000000000000000000000000000000000000000
000000000000000000000000000000000000000000000000000
000000000000000000000000000000000000000000000000000

000000000000000000000000000000000000000000000000000
000000000000000000000000000000000000000000000000000
000000000000000000000000000000000000000000000000000
000000000000000000000000000000000000000000000000000
000000000000000000000000000000000000000000000000000
000000000000000000000000000000000000000000000000000
000000000000000000000000000000000000000000000000000
000000000000000000000000000000000000000000000000000
000000000000000000000000000000000000000000000000000
000000000000000000000000000000000000000000000000000
000000000000000000000000000000000000000000000000000
000000000000000000000000000000000000000000000000000
000000000000000000000000000000000000000000000000000
000000000000000000000000000000000000000000000000000
000000000000000000000000000000000000000000000000000
000000000000000000000000000000000000000000000000000
000000000000000000000000000000000000000000000000000
000000000000000000000000000000000000000000000000000
000000000000000000000000000000000000000000000000000
000000000000000000000000000000000000000000000000000
000000000000000000000000000000000000000000000000000
000000000000000000000441102010000000000000000000000
000000000000000000000201012022000000000000000000000
000000000000000000000021331200000000000000000000000
000000000000000000000223421001000000000000000000000
000000000000000000000410104011000000000000000000000
000000000000000000000221011210000000000000000000000
000000000000000000000402044030000000000000000000000
000000000000000000000210422101000000000000000000000
000000000000000000000210212101000000000000000000000
000000000000000000000000000000000000000000000000000
000000000000000000000000000000000000000000000000000
000000000000000000000000000000000000000000000000000
000000000000000000000000000000000000000000000000000
000000000000000000000000000000000000000000000000000
000000000000000000000000000000000000000000000000000
000000000000000000000000000000000000000000000000000
000000000000000000000000000000000000000000000000000
000000000000000000000000000000000000000000000000000
000000000000000000000000000000000000000000000000000
000000000000000000000000000000000000000000000000000
000000000000000000000000000000000000000000000000000
000000000000000000000000000000000000000000000000000
000000000000000000000000000000000000000000000000000
000000000000000000000000000000000000000000000000000
000000000000000000000000000000000000000000000000000
000000000000000000000000000000000000000000000000000
000000000000000000000000000000000000000000000000000
000000000000000000000000000000000000000000000000000
000000000000000000000000000000000000000000000000000
000000000000000000000000000000000000000000000000000

000000000000000000000000000000000000000000000000000
000000000000000000000000000000000000000000000000000
000000000000000000000000000000000000000000000000000
000000000000000000000000000000000000000000000000000
000000000000000000000000000000000000000000000000000
000000000000000000000000000000000000000000000000000
000000000000000000000000000000000000000000000000000
000000000000000000000000000000000000000000000000000
000000000000000000000000000000000000000000000000000
000000000000000000000000000000000000000000000000000
000000000000000000000000000000000000000000000000000
000000000000000000000000000000000000000000000000000
000000000000000000000000000000000000000000000000000
000000000000000000000000000000000000000000000000000
000000000000000000000000000000000000000000000000000
000000000000000000000000000000000000000000000000000
000000000000000000000000000000000000000000000000000
000000000000000000000000000000000000000000000000000
000000000000000000000000000000000000000000000000000
000000000000000000000000000000000000000000000000000
000000000000000000004101101420400000000000000000000
000000000000000000004233210010100000000000000000000
000000000000000000002004201522100000000000000000000
000000000000000000003400051020100000000000000000000
000000000000000000001032041121200000000000000000000
000000000000000000000012100423100000000000000000000
000000000000000000001400001202100000000000000000000
000000000000000000000003003000200000000000000000000
000000000000000000000024021010300000000000000000000
000000000000000000002100110001100000000000000000000
000000000000000000000011211122000000000000000000000
000000000000000000000000000000000000000000000000000
000000000000000000000000000000000000000000000000000
000000000000000000000000000000000000000000000000000
000000000000000000000000000000000000000000000000000
000000000000000000000000000000000000000000000000000
000000000000000000000000000000000000000000000000000
000000000000000000000000000000000000000000000000000
000000000000000000000000000000000000000000000000000
000000000000000000000000000000000000000000000000000
000000000000000000000000000000000000000000000000000
000000000000000000000000000000000000000000000000000
000000000000000000000000000000000000000000000000000
000000000000000000000000000000000000000000000000000
000000000000000000000000000000000000000000000000000
000000000000000000000000000000000000000000000000000
000000000000000000000000000000000000000000000000000
000000000000000000000000000000000000000000000000000
000000000000000000000000000000000000000000000000000
000000000000000000000000000000000000000000000000000
000000000000000000000000000000000000000000000000000

000000000000000000000000000000000000000000000000000
000000000000000000000000000000000000000000000000000
000000000000000000000000000000000000000000000000000
000000000000000000000000000000000000000000000000000
000000000000000000000000000000000000000000000000000
000000000000000000000000000000000000000000000000000
000000000000000000000000000000000000000000000000000
000000000000000000000000000000000000000000000000000
000000000000000000000000000000000000000000000000000
000000000000000000000000000000000000000000000000000
000000000000000000000000000000000000000000000000000
000000000000000000000000000000000000000000000000000
000000000000000000000000000000000000000000000000000
000000000000000000000000000000000000000000000000000
000000000000000000000000000000000000000000000000000
000000000000000000000000000000000000000000000000000
000000000000000000000000000000000000000000000000000
000000000000000000000000000000000000000000000000000
000000000000000000000000000000000000000000000000000
000000000000000000020313003142310000000000000000000
000000000000000000000030101332110000000000000000000
000000000000000000001001110021300000000000000000000
000000000000000000000000001022030000000000000000000
000000000000000000003041241400110000000000000000000
000000000000000000010110012111130000000000000000000
000000000000000000000302412134110000000000000000000
000000000000000000011001301003210000000000000000000
000000000000000000040132011211030000000000000000000
000000000000000000022011102321110000000000000000000
000000000000000000011320122101000000000000000000000
000000000000000000021203041101310000000000000000000
000000000000000000011000101101200000000000000000000
000000000000000000000000000000000000000000000000000
000000000000000000000000000000000000000000000000000
000000000000000000000000000000000000000000000000000
000000000000000000000000000000000000000000000000000
000000000000000000000000000000000000000000000000000
000000000000000000000000000000000000000000000000000
000000000000000000000000000000000000000000000000000
000000000000000000000000000000000000000000000000000
000000000000000000000000000000000000000000000000000
000000000000000000000000000000000000000000000000000
000000000000000000000000000000000000000000000000000
000000000000000000000000000000000000000000000000000
000000000000000000000000000000000000000000000000000
000000000000000000000000000000000000000000000000000
000000000000000000000000000000000000000000000000000
000000000000000000000000000000000000000000000000000
000000000000000000000000000000000000000000000000000
000000000000000000000000000000000000000000000000000
000000000000000000000000000000000000000000000000000

000000000000000000000000000000000000000000000000000
000000000000000000000000000000000000000000000000000
000000000000000000000000000000000000000000000000000
000000000000000000000000000000000000000000000000000
000000000000000000000000000000000000000000000000000
000000000000000000000000000000000000000000000000000
000000000000000000000000000000000000000000000000000
000000000000000000000000000000000000000000000000000
000000000000000000000000000000000000000000000000000
000000000000000000000000000000000000000000000000000
000000000000000000000000000000000000000000000000000
000000000000000000000000000000000000000000000000000
000000000000000000000000000000000000000000000000000
000000000000000000000000000000000000000000000000000
000000000000000000000000000000000000000000000000000
000000000000000000000000000000000000000000000000000
000000000000000000000000000000000000000000000000000
000000000000000000000000000000000000000000000000000
000000000000000000011321111210200000000000000000000
000000000000000000002101102200000000000000000000000
000000000000000000400200111212311000000000000000000
000000000000000000241001200210120000000000000000000
000000000000000000012111100142020000000000000000000
000000000000000000021002441000122000000000000000000
000000000000000000200042111111411000000000000000000
000000000000000000442421404040331000000000000000000
000000000000000000010310344301141000000000000000000
000000000000000000131104300210210000000000000000000
000000000000000000400100200102320000000000000000000
000000000000000000010021204114002000000000000000000
000000000000000000031013112024411000000000000000000
000000000000000000121200000312304000000000000000000
000000000000000000020140122104300000000000000000000
000000000000000000000000000000000000000000000000000
000000000000000000000000000000000000000000000000000
000000000000000000000000000000000000000000000000000
000000000000000000000000000000000000000000000000000
000000000000000000000000000000000000000000000000000
000000000000000000000000000000000000000000000000000
000000000000000000000000000000000000000000000000000
000000000000000000000000000000000000000000000000000
000000000000000000000000000000000000000000000000000
000000000000000000000000000000000000000000000000000
000000000000000000000000000000000000000000000000000
000000000000000000000000000000000000000000000000000
000000000000000000000000000000000000000000000000000
000000000000000000000000000000000000000000000000000
000000000000000000000000000000000000000000000000000
000000000000000000000000000000000000000000000000000
000000000000000000000000000000000000000000000000000
000000000000000000000000000000000000000000000000000

000000000000000000000000000000000000000000000000000
000000000000000000000000000000000000000000000000000
000000000000000000000000000000000000000000000000000
000000000000000000000000000000000000000000000000000
000000000000000000000000000000000000000000000000000
000000000000000000000000000000000000000000000000000
000000000000000000000000000000000000000000000000000
000000000000000000000000000000000000000000000000000
000000000000000000000000000000000000000000000000000
000000000000000000000000000000000000000000000000000
000000000000000000000000000000000000000000000000000
000000000000000000000000000000000000000000000000000
000000000000000000000000000000000000000000000000000
000000000000000000000000000000000000000000000000000
000000000000000000000000000000000000000000000000000
000000000000000000000000000000000000000000000000000
000000000000000000000000000000000000000000000000000
000000000000000000011400010311210000000000000000000
000000000000000000130100011232000000000000000000000
000000000000000001120002032010121000000000000000000
000000000000000004212132011111001100000000000000000
000000000000000000110041204121111100000000000000000
000000000000000000101000111142111000000000000000000
000000000000000004324011030431444100000000000000000
000000000000000004310411233110112100000000000000000
000000000000000000212001410340200000000000000000000
000000000000000000110014140211010000000000000000000
000000000000000000010020040011024300000000000000000
000000000000000002003020121420210100000000000000000
000000000000000001011220410101111000000000000000000
000000000000000002040232222120210300000000000000000
000000000000000000102130103010101400000000000000000
000000000000000000310002200121112000000000000000000
000000000000000000200042403111230000000000000000000
000000000000000000000000000000000000000000000000000
000000000000000000000000000000000000000000000000000
000000000000000000000000000000000000000000000000000
000000000000000000000000000000000000000000000000000
000000000000000000000000000000000000000000000000000
000000000000000000000000000000000000000000000000000
000000000000000000000000000000000000000000000000000
000000000000000000000000000000000000000000000000000
000000000000000000000000000000000000000000000000000
000000000000000000000000000000000000000000000000000
000000000000000000000000000000000000000000000000000
000000000000000000000000000000000000000000000000000
000000000000000000000000000000000000000000000000000
000000000000000000000000000000000000000000000000000
000000000000000000000000000000000000000000000000000
000000000000000000000000000000000000000000000000000
000000000000000000000000000000000000000000000000000

000000000000000000000000000000000000000000000000000
000000000000000000000000000000000000000000000000000
000000000000000000000000000000000000000000000000000
000000000000000000000000000000000000000000000000000
000000000000000000000000000000000000000000000000000
000000000000000000000000000000000000000000000000000
000000000000000000000000000000000000000000000000000
000000000000000000000000000000000000000000000000000
000000000000000000000000000000000000000000000000000
000000000000000000000000000000000000000000000000000
000000000000000000000000000000000000000000000000000
000000000000000000000000000000000000000000000000000
000000000000000000000000000000000000000000000000000
000000000000000000000000000000000000000000000000000
000000000000000000000000000000000000000000000000000
000000000000000000000000000000000000000000000000000
000000000000000000002411211202000000000000000000000
000000000000000000103132131011210000000000000000000
000000000000000001010022213402310000000000000000000
000000000000000002144110204011002120000000000000000
000000000000000011114011001100100040000000000000000
000000000000000010012213013411200300000000000000000
000000000000000001000020201120204400000000000000000
000000000000000031411013022113214110000000000000000
000000000000000020012133120123104440000000000000000
000000000000000011002205310123110210000000000000000
000000000000000000011112145013043100000000000000000
000000000000000022111020404412000010000000000000000
000000000000000010113110213120311110000000000000000
000000000000000014144210033420240120000000000000000
000000000000000011102001230110251320000000000000000
000000000000000011100321000111111000000000000000000
000000000000000000201200002140012000000000000000000
000000000000000001141113301121001000000000000000000
000000000000000000021013020110200000000000000000000
000000000000000000000000000000000000000000000000000
000000000000000000000000000000000000000000000000000
000000000000000000000000000000000000000000000000000
000000000000000000000000000000000000000000000000000
000000000000000000000000000000000000000000000000000
000000000000000000000000000000000000000000000000000
000000000000000000000000000000000000000000000000000
000000000000000000000000000000000000000000000000000
000000000000000000000000000000000000000000000000000
000000000000000000000000000000000000000000000000000
000000000000000000000000000000000000000000000000000
000000000000000000000000000000000000000000000000000
000000000000000000000000000000000000000000000000000
000000000000000000000000000000000000000000000000000
000000000000000000000000000000000000000000000000000
000000000000000000000000000000000000000000000000000

000000000000000000000000000000000000000000000000000
000000000000000000000000000000000000000000000000000
000000000000000000000000000000000000000000000000000
000000000000000000000000000000000000000000000000000
000000000000000000000000000000000000000000000000000
000000000000000000000000000000000000000000000000000
000000000000000000000000000000000000000000000000000
000000000000000000000000000000000000000000000000000
000000000000000000000000000000000000000000000000000
000000000000000000000000000000000000000000000000000
000000000000000000000000000000000000000000000000000
000000000000000000000000000000000000000000000000000
000000000000000000000000000000000000000000000000000
000000000000000000000000000000000000000000000000000
000000000000000000000000000000000000000000000000000
000000000000000000001440110430200000000000000000000
000000000000000000000030022102113000000000000000000
000000000000000000202212124321134100000000000000000
000000000000000010001031232221314010000000000000000
000000000000000122240131100200041200000000000000000
000000000000000100003111000111014010000000000000000
000000000000000011221212211220100000000000000000000
000000000000000301012000302400221001000000000000000
000000000000000001210114321420021101000000000000000
000000000000000111111421201012130120000000000000000
000000000000000201211013100340301101000000000000000
000000000000000101000201212141020210000000000000000
000000000000000002311311410432200031000000000000000
000000000000000311220030012040104111000000000000000
000000000000000011121210020241110210000000000000000
000000000000000212202110141140000002000000000000000
000000000000000010301412001020040101000000000000000
000000000000000010012000210121102020000000000000000
000000000000000011010101011111102000000000000000000
000000000000000000002311011031000000000000000000000
000000000000000000002102221020200000000000000000000
000000000000000000000000000000000000000000000000000
000000000000000000000000000000000000000000000000000
000000000000000000000000000000000000000000000000000
000000000000000000000000000000000000000000000000000
000000000000000000000000000000000000000000000000000
000000000000000000000000000000000000000000000000000
000000000000000000000000000000000000000000000000000
000000000000000000000000000000000000000000000000000
000000000000000000000000000000000000000000000000000
000000000000000000000000000000000000000000000000000
000000000000000000000000000000000000000000000000000
000000000000000000000000000000000000000000000000000
000000000000000000000000000000000000000000000000000
000000000000000000000000000000000000000000000000000
000000000000000000000000000000000000000000000000000

000000000000000000000000000000000000000000000000000
000000000000000000000000000000000000000000000000000
000000000000000000000000000000000000000000000000000
000000000000000000000000000000000000000000000000000
000000000000000000000000000000000000000000000000000
000000000000000000000000000000000000000000000000000
000000000000000000000000000000000000000000000000000
000000000000000000000000000000000000000000000000000
000000000000000000000000000000000000000000000000000
000000000000000000000000000000000000000000000000000
000000000000000000000000000000000000000000000000000
000000000000000000000000000000000000000000000000000
000000000000000000000000000000000000000000000000000
000000000000000000000000000000000000000000000000000
000000000000000000000011102201000000000000000000000
000000000000000000120410131111020000000000000000000
000000000000000012021101111113122000000000000000000
000000000000000000401010334210130120000000000000000
000000000000000101000013401411201121000000000000000
000000000000000112021300040201100011000000000000000
000000000000000100101215030421201140100000000000000
000000000000001014031011102101004120100000000000000
000000000000004321121101100010200100100000000000000
000000000000000320110404201214251020000000000000000
000000000000000241101114022221231010100000000000000
000000000000002010414402014000012030000000000000000
000000000000000101401000401004010002000000000000000
000000000000002120100100131410101110100000000000000
000000000000000230104222211431312200000000000000000
000000000000002100001121300431024311100000000000000
000000000000001000100240123041000021000000000000000
000000000000000104044010001102120100000000000000000
000000000000000130111101312110110040000000000000000
000000000000000001310111412402013410000000000000000
000000000000000001020010222012211100000000000000000
000000000000000000001121110110010000000000000000000
000000000000000000000002420112000000000000000000000
000000000000000000000000000000000000000000000000000
000000000000000000000000000000000000000000000000000
000000000000000000000000000000000000000000000000000
000000000000000000000000000000000000000000000000000
000000000000000000000000000000000000000000000000000
000000000000000000000000000000000000000000000000000
000000000000000000000000000000000000000000000000000
000000000000000000000000000000000000000000000000000
000000000000000000000000000000000000000000000000000
000000000000000000000000000000000000000000000000000
000000000000000000000000000000000000000000000000000
000000000000000000000000000000000000000000000000000
000000000000000000000000000000000000000000000000000
000000000000000000000000000000000000000000000000000

000000000000000000000000000000000000000000000000000
000000000000000000000000000000000000000000000000000
000000000000000000000000000000000000000000000000000
000000000000000000000000000000000000000000000000000
000000000000000000000000000000000000000000000000000
000000000000000000000000000000000000000000000000000
000000000000000000000000000000000000000000000000000
000000000000000000000000000000000000000000000000000
000000000000000000000000000000000000000000000000000
000000000000000000000000000000000000000000000000000
000000000000000000000000000000000000000000000000000
000000000000000000000000000000000000000000000000000
000000000000000000000000000000000000000000000000000
000000000000000000000001010000000000000000000000000
000000000000000000111144000123100000000000000000000
000000000000000000000121221101010000000000000000000
000000000000000003111004311111111000000000000000000
000000000000000000022101410222112000000000000000000
000000000000001022010314421412014201000000000000000
000000000000000200100110011110321120000000000000000
000000000000000001010342344133141010000000000000000
000000000000000311002314421521114001010000000000000
000000000000001010120113000304022212000000000000000
000000000000010123241040111432003112110000000000000
000000000000023113200211122100144102340000000000000
000000000000001104231111211021201011030000000000000
000000000000022050210212000123432011000000000000000
000000000000030121204130411100011530010000000000000
000000000000003102002001040021011401400000000000000
000000000000011004011002314111202000100000000000000
000000000000000232110012110101110002000000000000000
000000000000000001031140024310131240000000000000000
000000000000000122240220400011110300000000000000000
000000000000000141230311113213012100000000000000000
000000000000000011050230010111010100000000000000000
000000000000000000101202040412021000000000000000000
000000000000000001002120014221000000000000000000000
000000000000000000000000312100000000000000000000000
000000000000000000000000000000000000000000000000000
000000000000000000000000000000000000000000000000000
000000000000000000000000000000000000000000000000000
000000000000000000000000000000000000000000000000000
000000000000000000000000000000000000000000000000000
000000000000000000000000000000000000000000000000000
000000000000000000000000000000000000000000000000000
000000000000000000000000000000000000000000000000000
000000000000000000000000000000000000000000000000000
000000000000000000000000000000000000000000000000000
000000000000000000000000000000000000000000000000000
000000000000000000000000000000000000000000000000000
000000000000000000000000000000000000000000000000000

000000000000000000000000000000000000000000000000000
000000000000000000000000000000000000000000000000000
000000000000000000000000000000000000000000000000000
000000000000000000000000000000000000000000000000000
000000000000000000000000000000000000000000000000000
000000000000000000000000000000000000000000000000000
000000000000000000000000000000000000000000000000000
000000000000000000000000000000000000000000000000000
000000000000000000000000000000000000000000000000000
000000000000000000000000000000000000000000000000000
000000000000000000000000000000000000000000000000000
000000000000000000000000000000000000000000000000000
000000000000000000000100020000000000000000000000000
000000000000000000000001101001000000000000000000000
000000000000000002012021100140120100000000000000000
000000000000000001412220140104221120100000000000000
000000000000000001200101034101013310000000000000000
000000000000000003014211241430312102000000000000000
000000000000001340040310202013000122100000000000000
000000000000003123112140122121032002310000000000000
000000000000011311321312240101002211100000000000000
000000000000132111110204112400011330310000000000000
000000000000000201111002123200111140120000000000000
000000000000033132020101001102421430312000000000000
000000000000021101041124211031430100222000000000000
000000000000140214002110005023110134100000000000000
000000000000011104114121414122404141121000000000000
000000000000001123110340120232214110120000000000000
000000000000041410120023141020112313000000000000000
000000000000000412112020204030423120110000000000000
000000000000011434011233011010001001200000000000000
000000000000001120310122002111014020000000000000000
000000000000001010020001220211221030000000000000000
000000000000000111013141114202110100000000000000000
000000000000000220141311100140102100000000000000000
000000000000000000001240402101041000000000000000000
000000000000000000013214111402300000000000000000000
000000000000000000001201100020000000000000000000000
000000000000000000000000011001000000000000000000000
000000000000000000000000000000000000000000000000000
000000000000000000000000000000000000000000000000000
000000000000000000000000000000000000000000000000000
000000000000000000000000000000000000000000000000000
000000000000000000000000000000000000000000000000000
000000000000000000000000000000000000000000000000000
000000000000000000000000000000000000000000000000000
000000000000000000000000000000000000000000000000000
000000000000000000000000000000000000000000000000000
000000000000000000000000000000000000000000000000000
000000000000000000000000000000000000000000000000000
000000000000000000000000000000000000000000000000000

000000000000000000000000000000000000000000000000000
000000000000000000000000000000000000000000000000000
000000000000000000000000000000000000000000000000000
000000000000000000000000000000000000000000000000000
000000000000000000000000000000000000000000000000000
000000000000000000000000000000000000000000000000000
000000000000000000000000000000000000000000000000000
000000000000000000000000000000000000000000000000000
000000000000000000000000000000000000000000000000000
000000000000000000000000000000000000000000000000000
000000000000000000000000000000000000000000000000000
000000000000000000001000010000000000000000000000000
000000000000000000000122013100000000000000000000000
000000000000000000001311220002100000000000000000000
000000000000000000310101132011030000000000000000000
000000000000001001100112022120124120000000000000000
000000000000000002011103002102001231000000000000000
000000000000000201001210014212001113100000000000000
000000000000004100310112134211500123000000000000000
000000000000002131402113001131200302200000000000000
000000000000022100104112023422111011001000000000000
000000000000111212120424212133101112010000000000000
000000000000013101021012222241024121140000000000000
000000000000111220211214101111121244111000000000000
000000000000031300412221021101122110411000000000000
000000000000214013340120440112101202041000000000000
000000000000010234141343442010200312310100000000000
000000000000012102420001114413111002011000000000000
000000000000010213012220214011421000110000000000000
000000000000210003102203441102121300420000000000000
000000000000003100411104424011202111340000000000000
000000000000000110210102221000210120100000000000000
000000000000002011011141012202400041100000000000000
000000000000000111001221200111420312000000000000000
000000000000000101021314011113012022000000000000000
000000000000000012201300122121221020000000000000000
000000000000000000202201120133111000000000000000000
000000000000000000001100111310111100000000000000000
000000000000000000000121211110000000000000000000000
000000000000000000000000000000000000000000000000000
000000000000000000000000000000000000000000000000000
000000000000000000000000000000000000000000000000000
000000000000000000000000000000000000000000000000000
000000000000000000000000000000000000000000000000000
000000000000000000000000000000000000000000000000000
000000000000000000000000000000000000000000000000000
000000000000000000000000000000000000000000000000000
000000000000000000000000000000000000000000000000000
000000000000000000000000000000000000000000000000000
000000000000000000000000000000000000000000000000000
000000000000000000000000000000000000000000000000000

000000000000000000000000000000000000000000000000000
000000000000000000000000000000000000000000000000000
000000000000000000000000000000000000000000000000000
000000000000000000000000000000000000000000000000000
000000000000000000000000000000000000000000000000000
000000000000000000000000000000000000000000000000000
000000000000000000000000000000000000000000000000000
000000000000000000000000000000000000000000000000000
000000000000000000000000000000000000000000000000000
000000000000000000000000000000000000000000000000000
000000000000000000000000000000000000000000000000000
000000000000000000000000000010000000000000000000000
000000000000000000000211010141000000000000000000000
000000000000000001111400112202111000000000000000000
000000000000000011124020423112011210000000000000000
000000000000000133111110111031100130000000000000000
000000000000002010001010031421101002000000000000000
000000000000000313100101003011314030300000000000000
000000000000000213240300330013100001240000000000000
000000000000111010242014331320031422100000000000000
000000000000021102322110103041103041010000000000000
000000000000111110212401204111325010212000000000000
000000000000110201012022211010021024013000000000000
000000000000112015020001401032041414112000000000000
000000000000020201013042221201440011001000000000000
000000000000001004211214140244421121040000000000000
000000000000101100110242120114102112011200000000000
000000000001000000000402021401210201014000000000000
000000000001000200023100040102020341003000000000000
000000000000034105022100103003021041200000000000000
000000000000121011143214312041110030141000000000000
000000000000101001302201201312220120020000000000000
000000000000011111210010044102101102200000000000000
000000000000000323010012012220023023200000000000000
000000000000001141201100110100011401100000000000000
000000000000001114014111100410000201000000000000000
000000000000000010101002011001010110000000000000000
000000000000000000141200220100030110000000000000000
000000000000000000101210000210000000000000000000000
000000000000000000001001000000000000000000000000000
000000000000000000000000000000000000000000000000000
000000000000000000000000000000000000000000000000000
000000000000000000000000000000000000000000000000000
000000000000000000000000000000000000000000000000000
000000000000000000000000000000000000000000000000000
000000000000000000000000000000000000000000000000000
000000000000000000000000000000000000000000000000000
000000000000000000000000000000000000000000000000000
000000000000000000000000000000000000000000000000000
000000000000000000000000000000000000000000000000000
000000000000000000000000000000000000000000000000000

000000000000000000000000000000000000000000000000000
000000000000000000000000000000000000000000000000000
000000000000000000000000000000000000000000000000000
000000000000000000000000000000000000000000000000000
000000000000000000000000000000000000000000000000000
000000000000000000000000000000000000000000000000000
000000000000000000000000000000000000000000000000000
000000000000000000000000000000000000000000000000000
000000000000000000000000000000000000000000000000000
000000000000000000000000000000000000000000000000000
000000000000000000000100000000000000000000000000000
000000000000000000000010311110000000000000000000000
000000000000000000001013023111200100000000000000000
000000000000000001410304122213322100000000000000000
000000000000000100000101432013030000000000000000000
000000000000000400101100312011001211000000000000000
000000000000021001150023020242021123110000000000000
000000000000001240121101220014113111000000000000000
000000000000013241410120111121010043000000000000000
000000000000101141002010211012110221001000000000000
000000000000011011020241144022400133201000000000000
000000000000110310404110411104342202220200000000000
000000000000020012004341423311000012030000000000000
000000000001011020231114040113040110120100000000000
000000000010011201022530312103401111210000000000000
000000000000101235134312031202101110431100000000000
000000000001411022030120112201134152402300000000000
000000000001011004111421101123022441102000000000000
000000000000210101010041322021441010101000000000000
000000000000311040401111120010220042312000000000000
000000000000010202012422200000044211100000000000000
000000000000221020024001010002104220111000000000000
000000000000013401414411111110002012040000000000000
000000000000001142140411402042200321020000000000000
000000000000012111101141110340004241100000000000000
000000000000000031140000144210301011000000000000000
000000000000000120003010101112402111000000000000000
000000000000000010001000003123011010000000000000000
000000000000000001001002011011100000000000000000000
000000000000000000000011100100000000000000000000000
000000000000000000000000000000000000000000000000000
000000000000000000000000000000000000000000000000000
000000000000000000000000000000000000000000000000000
000000000000000000000000000000000000000000000000000
000000000000000000000000000000000000000000000000000
000000000000000000000000000000000000000000000000000
000000000000000000000000000000000000000000000000000
000000000000000000000000000000000000000000000000000
000000000000000000000000000000000000000000000000000
000000000000000000000000000000000000000000000000000
000000000000000000000000000000000000000000000000000

000000000000000000000000000000000000000000000000000
000000000000000000000000000000000000000000000000000
000000000000000000000000000000000000000000000000000
000000000000000000000000000000000000000000000000000
000000000000000000000000000000000000000000000000000
000000000000000000000000000000000000000000000000000
000000000000000000000000000000000000000000000000000
000000000000000000000000000000000000000000000000000
000000000000000000000000000000000000000000000000000
000000000000000000000000000000000000000000000000000
000000000000000000000000000000000000000000000000000
000000000000000000011101142020100000000000000000000
000000000000000000111010021100110000000000000000000
000000000000000010110242010013130110000000000000000
000000000000000111310344041211021112000000000000000
000000000000110531431111135000101131000000000000000
000000000000001300102100511231400024000000000000000
000000000000012241011102102121421230210000000000000
000000000000120300422150120340230020210000000000000
000000000001130200002414110001314311221100000000000
000000000001000113440424410014400100300000000000000
000000000001142120002002010000030131112100000000000
000000000003110111031100420000100224230000000000000
000000000000110004112111112411214200302000000000000
000000000011110000411101111010102011023001000000000
000000000000000024020413030024420120120220000000000
000000000001010011151020002204102101011400000000000
000000000001011114104002101244210310011200000000000
000000000000000030110101202211411000111100000000000
000000000000021012400040120011012002111100000000000
000000000000013004001100220041002130112000000000000
000000000000114102122141313510032104410000000000000
000000000000040011101101042013020313202000000000000
000000000000110120110004210224112113000000000000000
000000000000000101113010100144441131110000000000000
000000000000001021001010101111012001000000000000000
000000000000000110100101124300031201000000000000000
000000000000000101202013012101401000000000000000000
000000000000000000004011030241222000000000000000000
000000000000000000000010031131000000000000000000000
000000000000000000000001001000000000000000000000000
000000000000000000000000000000000000000000000000000
000000000000000000000000000000000000000000000000000
000000000000000000000000000000000000000000000000000
000000000000000000000000000000000000000000000000000
000000000000000000000000000000000000000000000000000
000000000000000000000000000000000000000000000000000
000000000000000000000000000000000000000000000000000
000000000000000000000000000000000000000000000000000
000000000000000000000000000000000000000000000000000
000000000000000000000000000000000000000000000000000

000000000000000000000000000000000000000000000000000
000000000000000000000000000000000000000000000000000
000000000000000000000000000000000000000000000000000
000000000000000000000000000000000000000000000000000
000000000000000000000000000000000000000000000000000
000000000000000000000000000000000000000000000000000
000000000000000000000000000000000000000000000000000
000000000000000000000000000000000000000000000000000
000000000000000000000000000000000000000000000000000
000000000000000000000000000000000000000000000000000
000000000000000000000001100121000000000000000000000
000000000000000000023141041040101000000000000000000
000000000000000000401240110232002100000000000000000
000000000000000032011000301113020400000000000000000
000000000000002011014010212114014111100000000000000
000000000000100011021021050343110134000000000000000
000000000000020210041210011101213031020000000000000
000000000001111020241041044113213011010000000000000
000000000000012430101040122410011140012100000000000
000000000000121040240202010110011010241220000000000
000000000000110240001201010110111010210000000000000
000000000000311310232301001201121430300000000000000
000000000000201020003112141111330012220000000000000
000000000011022121001142420041000101111420000000000
000000000013211211020423000511440300001000000000000
000000000001111013122311014230302420302110000000000
000000000010111004014100101021401011141300000000000
000000000011040002110012104210431100111000000000000
000000000000102004012113400411344424310210000000000
000000000010110041105401212401101003013000000000000
000000000000200114442042212211100101020200000000000
000000000001120102221011020121321002100100000000000
000000000000022010200230100120222010000100000000000
000000000000001241111004111023001400122000000000000
000000000000121111111100424110121001100000000000000
000000000000000110231214110012111413110000000000000
000000000000002422213001401110010101200000000000000
000000000000000020331301442310140100000000000000000
000000000000000100142214020221031000000000000000000
000000000000000000001110110102011000000000000000000
000000000000000000000000000010000000000000000000000
000000000000000000000000000000000000000000000000000
000000000000000000000000000000000000000000000000000
000000000000000000000000000000000000000000000000000
000000000000000000000000000000000000000000000000000
000000000000000000000000000000000000000000000000000
000000000000000000000000000000000000000000000000000
000000000000000000000000000000000000000000000000000
000000000000000000000000000000000000000000000000000
000000000000000000000000000000000000000000000000000
000000000000000000000000000000000000000000000000000

000000000000000000000000000000000000000000000000000
000000000000000000000000000000000000000000000000000
000000000000000000000000000000000000000000000000000
000000000000000000000000000000000000000000000000000
000000000000000000000000000000000000000000000000000
000000000000000000000000000000000000000000000000000
000000000000000000000000000000000000000000000000000
000000000000000000000000000000000000000000000000000
000000000000000000000000000000000000000000000000000
000000000000000000000001000000000000000000000000000
000000000000000000101020110001100000000000000000000
000000000000000001101000020110121100000000000000000
000000000000000011110221422040230300000000000000000
000000000000000012111304114412110201100000000000000
000000000000001000211112013100110101110000000000000
000000000000101044041010030210112001100000000000000
000000000000124311020100001031115421210000000000000
000000000000113041300400231145032000241100000000000
000000000011201212101110110100400114240000000000000
000000000001400014021014110344210104014100000000000
000000000010010130140012520401222201113000000000000
000000000011030414411112340441140142110000000000000
000000000020010101101000414122302412014200000000000
000000000111404000001004201020412130120300000000000
000000000021104200333300010224213110011100000000000
000000000011012151122101004121120110001311000000000
000000000010210104030221232102324011223010000000000
000000000124211100302201142443451210131311000000000
000000000003123102211340143213103012201100000000000
000000000010021042111020443124101024132301000000000
000000000000001112424211313111312101404100000000000
000000000012010134111100130133000102011200000000000
000000000000113202210401200222102214300300000000000
000000000001411010113210011411122241140100000000000
000000000000012401212141001042441030430000000000000
000000000000010101212110210400300102000000000000000
000000000000001104140012240030101040000000000000000
000000000000000110310010120011101122100000000000000
000000000000000011111011110201002310000000000000000
000000000000000100001001000320210000000000000000000
000000000000000000000112000100000000000000000000000
000000000000000000000000000000000000000000000000000
000000000000000000000000000000000000000000000000000
000000000000000000000000000000000000000000000000000
000000000000000000000000000000000000000000000000000
000000000000000000000000000000000000000000000000000
000000000000000000000000000000000000000000000000000
000000000000000000000000000000000000000000000000000
000000000000000000000000000000000000000000000000000
000000000000000000000000000000000000000000000000000
000000000000000000000000000000000000000000000000000

000000000000000000000000000000000000000000000000000
000000000000000000000000000000000000000000000000000
000000000000000000000000000000000000000000000000000
000000000000000000000000000000000000000000000000000
000000000000000000000000000000000000000000000000000
000000000000000000000000000000000000000000000000000
000000000000000000000000000000000000000000000000000
000000000000000000000000000000000000000000000000000
000000000000000000000000000000000000000000000000000
000000000000000000000020010001000000000000000000000
000000000000000000000100311002000100000000000000000
000000000000000003201402000131140210000000000000000
000000000000000013204001311040101400000000000000000
000000000000011112211120011101400213000000000000000
000000000000020001132102020202121310110000000000000
000000000000110103201201241331113003100000000000000
000000000001111111142041003411101123110000000000000
000000000002212200011412103140110021401000000000000
000000000011110101100111040021120130310010000000000
000000000000111111430011131201110013121200000000000
000000000104004101402420101302012040211000000000000
000000000220410122211044044320002200121101100000000
000000000012211140001020142332103424202100000000000
000000000012222111040111144011440313111000000000000
000000000001140023002000012100201102232000000000000
000000000012206120130152101110010100021220000000000
000000000000114023142101222112001120414211000000000
000000000001342242303404100020505111011000000000000
000000000011420001124404141020213242304210000000000
000000000012142114342020040230101124110400000000000
000000000030042202420104410014111010111000000000000
000000000001020311000301334413010113200110000000000
000000000002131214011120403021402411004100000000000
000000000000010421412011042001100110301000000000000
000000000000011031003203413210011232140010000000000
000000000000020141002104202001412010000100000000000
000000000001010210002120000112031001300000000000000
000000000000011010211304420141220410100000000000000
000000000000000021400001111411413100000000000000000
000000000000000100211013032200300100000000000000000
000000000000000000100112441420000000000000000000000
000000000000000000000002000100000000000000000000000
000000000000000000000000000000000000000000000000000
000000000000000000000000000000000000000000000000000
000000000000000000000000000000000000000000000000000
000000000000000000000000000000000000000000000000000
000000000000000000000000000000000000000000000000000
000000000000000000000000000000000000000000000000000
000000000000000000000000000000000000000000000000000
000000000000000000000000000000000000000000000000000
000000000000000000000000000000000000000000000000000

000000000000000000000000000000000000000000000000000
000000000000000000000000000000000000000000000000000
000000000000000000000000000000000000000000000000000
000000000000000000000000000000000000000000000000000
000000000000000000000000000000000000000000000000000
000000000000000000000000000000000000000000000000000
000000000000000000000000000000000000000000000000000
000000000000000000000000000000000000000000000000000
000000000000000000000000100000000000000000000000000
000000000000000000001201123001000000000000000000000
000000000000000000022110012002320000000000000000000
000000000000000101041212102130001100000000000000000
000000000000000122501244001401430120000000000000000
000000000000100020100111012202143004110000000000000
000000000000210112402141443041041020120100000000000
000000000000111021014021251011424201411100000000000
000000000001121111212111214001000010041000000000000
000000000001114202001420414004040041034200000000000
000000000012222231104002402402141214224100000000000
000000000111300101101021600101310002332000000000000
000000000012220030031441210410031430041110000000000
000000000011234402420001114424514204210100000000000
000000000000411102114110001144142233012132000000000
000000001014223301134214140044044214102042000000000
000000000042044141120241311011342401100020000000000
000000000301103012022331201140102125113420000000000
000000000210111013036211012220111012240201000000000
000000000231114202110100040211444024104410000000000
000000000011204041144100012021044134212001000000000
000000000001110024312220241002124342140220000000000
000000000011114200130442044240411402403000000000000
000000000011124100001404111312144100010100000000000
000000000011311401320222010240001041211110000000000
000000000001032102141341441144000443413100000000000
000000000000031313204410002101001140101000000000000
000000000000110141021443120042001412013100000000000
000000000000010112024000324400200410100010000000000
000000000000101111110114002140204012000000000000000
000000000000000110230302041201114100000000000000000
000000000000010010300221031302100120000000000000000
000000000000000000014414300110001001000000000000000
000000000000000000000000000111000000000000000000000
000000000000000000000000000000000000000000000000000
000000000000000000000000000000000000000000000000000
000000000000000000000000000000000000000000000000000
000000000000000000000000000000000000000000000000000
000000000000000000000000000000000000000000000000000
000000000000000000000000000000000000000000000000000
000000000000000000000000000000000000000000000000000
000000000000000000000000000000000000000000000000000
000000000000000000000000000000000000000000000000000

000000000000000000000000000000000000000000000000000
000000000000000000000000000000000000000000000000000
000000000000000000000000000000000000000000000000000
000000000000000000000000000000000000000000000000000
000000000000000000000000000000000000000000000000000
000000000000000000000000000000000000000000000000000
000000000000000000000000000000000000000000000000000
000000000000000000000000001000000000000000000000000
000000000000000000000000100000000000000000000000000
000000000000000000000001213200000100000000000000000
000000000000000101210211220434312000000000000000000
000000000000001023124002300311111110000000000000000
000000000000100103110010200011411120000000000000000
000000000000001100034400130131421012111000000000000
000000000000041142124400211011303110020000000000000
000000000000000021113222100101423012340000000000000
000000000001154434401400011240011023023100000000000
000000000100101003020134001310220414110010000000000
000000000100121411112344001013002201211310000000000
000000000000302010411244113424020341100010000000000
000000000014410414200312411444411104213111000000000
000000000101322030004010134112200211000100000000000
000000011220314012020200444001124414550133000000000
000000000130224303403430242201021004344411000000000
000000000243134001401001411302320010004112000000000
000000001201024041202100404242034440100042000000000
000000000234312113404341400141312001212041100000000
000000001122131011411021325105412413410114100000000
000000000234020214012421024241144120411101000000000
000000000000101112204015212420401132001021000000000
000000000011403311113341141104114401414121000000000
000000000002100403232423324401013031113001000000000
000000000013144140423122004014001111502421000000000
000000000111351324011440040021144403111100000000000
000000000002032024011123204203403002410000000000000
000000000002010123314101210133410220234000000000000
000000000000100011341200314222141314300000000000000
000000000000111224113442123000440510210010000000000
000000000000000100210123043000200200100000000000000
000000000000000000101003000230123020000000000000000
000000000000000100003012041001100000100000000000000
000000000000000000000020310301000000000000000000000
000000000000000000000000000100000000000000000000000
000000000000000000000000000000000000000000000000000
000000000000000000000000000000000000000000000000000
000000000000000000000000000000000000000000000000000
000000000000000000000000000000000000000000000000000
000000000000000000000000000000000000000000000000000
000000000000000000000000000000000000000000000000000
000000000000000000000000000000000000000000000000000
000000000000000000000000000000000000000000000000000

000000000000000000000000000000000000000000000000000
000000000000000000000000000000000000000000000000000
000000000000000000000000000000000000000000000000000
000000000000000000000000000000000000000000000000000
000000000000000000000000000000000000000000000000000
000000000000000000000000000000000000000000000000000
000000000000000000000000000000000000000000000000000
000000000000000000000000100000000000000000000000000
000000000000000000000000110100000000000000000000000
000000000000000000100021442310002000000000000000000
000000000000000100044440044404020110000000000000000
000000000000100001312111102300422200000000000000000
000000000002000141123411210204420340110010000000000
000000000000000112131021244441222210010000000000000
000000000000001004011201431122001002000000000000000
000000000000144020434244141441013110141000000000000
000000000000111111344404421441411421141200000000000
000000000014003202404441203204301000113210000000000
000000000044014041021312101314114204111011000000000
000000000134041144424000143333312120141240000000000
000000000144344140240043410000400344441230000000000
000000000131321411304443421414114020134341000000000
000000000122404341131311141241010402402122000000000
000000000312120041124021123200044242421311000000000
000000011440400240400044200041330424421510000000000
000000000310431134444123043441244410331110000000000
000000000022102112440401444040014344031013000000000
000000000110002343040133444411111344234101000000000
000000000400222440114214424410134323010211000000000
000000000011012414044114401003114211142120000000000
000000001210311401303403020111311144014431000000000
000000000003211305403014010014412102222101000000000
000000000002001212124004134041410041441120000000000
000000000004101012101302400000024210010111000000000
000000000002101200111431340401211111224401000000000
000000000001002321410441014114041110410100000000000
000000000001101232011102441540012034320000000000000
000000000000101440241211002142240524420000000000000
000000000000002300223130441444102401210000000000000
000000000000000003214014212420010211000000000000000
000000000000000020142100334042100001000000000000000
000000000000000000020101143343210100000000000000000
000000000000000000000010000001100000000000000000000
000000000000000000000000010000000000000000000000000
000000000000000000000000000000000000000000000000000
000000000000000000000000000000000000000000000000000
000000000000000000000000000000000000000000000000000
000000000000000000000000000000000000000000000000000
000000000000000000000000000000000000000000000000000
000000000000000000000000000000000000000000000000000
000000000000000000000000000000000000000000000000000

000000000000000000000000000000000000000000000000000
000000000000000000000000000000000000000000000000000
000000000000000000000000000000000000000000000000000
000000000000000000000000000000000000000000000000000
000000000000000000000000000000000000000000000000000
000000000000000000000000000000000000000000000000000
000000000000000000000000010000000000000000000000000
000000000000000000000000001000000000000000000000000
000000000000000000001000000000000000000000000000000
000000000000000010002212243442220001000000000000000
000000000000000001304410124341041100000000000000000
000000000000000113001440214212401421010000000000000
000000000010001114122013001010104113200000000000000
000000000000114412021000414440311014110000000000000
000000000000240404411224144343415414141000000000000
000000000010321414401244340432434034301000000000000
000000000111121343444044224144401434400110000000000
000000000012240412402012444231403211402301000000000
000000000001111400112142124111200414204020000000000
000000000244414130024440224113210240240040000000000
000000001222244303234240411131020143411400100000000
000000000120030041014110114304002314404001000000000
000000001100204444330441123240442410114410200000000
000000010442240424111242102303141100344414000000000
000000011440302240220401412011420044340200100000000
000000101454044104410001441310010142440123200000000
000000011110043124041004441422010420024304000000000
000000010020041444142000411410451423111244100000000
000000001035001423212002044341410210134412100000000
000000010432204010422021414442121240131421000000000
000000001312041041124121414022222000442131000000000
000000000001241411101021440100442004130431000000000
000000000400444421004212214414221244144420000000000
000000000010301040101240121301111424010110000000000
000000001114000020234404322034044023041220000000000
000000000000242113443434444402204101042000000000000
000000000000201000141340401110542001101100000000000
000000000000004322044102411112045101110100000000000
000000000000001442402044034034401110100000000000000
000000000000000014114440011144224121000000000000000
000000000000000100124000022124441210000000000000000
000000000000000000111212241111110000000000000000000
000000000000000000000001101110000000000000000000000
000000000000000000000000000000000000000000000000000
000000000000000000000000000000000000000000000000000
000000000000000000000000000000000000000000000000000
000000000000000000000000000000000000000000000000000
000000000000000000000000000000000000000000000000000
000000000000000000000000000000000000000000000000000
000000000000000000000000000000000000000000000000000
000000000000000000000000000000000000000000000000000

000000000000000000000000000000000000000000000000000
000000000000000012334444444431000100000000000000000
000000000000011034444444444444224410000000000000000
000000000000003314444444444444444443440000000000000
000000000000354444444444444444444446444410000000000
000000000133444444444444444444444444444410000000000
000000001344444444444444444444444444444444000000000
000001014544444444444444444444644444445444310000000
000000133444444444445444444444444444444444110000000
000000144444444444444444445444444444444444440100000
000001244444444444444454444444444444444444444100000
000001444444444444444444444445444444444444444411000
000115444444444444444444444444444444544445444440000
001144444444444444444444444444444444444446444542000
001344444444545444644544444444444444444444444443000
000454444444444544444444444444444444446544444444000
013444444444444444444444444444444444544444444443100
002444444444444444444544444444444444454444444444410
015445444444444444654444444444454444444444444444130
044444544444444444444454444444444445445544444444410
044444444444444444444444444444444445446444444444410
024444444444444444454444545444444444554444444444440
034444444455444554444445444454444444444444544444400
024444444544444444444444444444444444444444444444410
044444444444444444444444445544444544444444444444440
034444444644544444444444444444444444444444444444440
014554444444444444544544444444444444444444444444430
044544444444444444444444444444445444444444444444450
044444444454444444444444454444444444444444445444410
044444444444444444445444444444444444444454444445440
004444464444444444444444444444444544444444444544430
023444444544444444444444444444444544444444444444420
004444444464444544445444444444444444444454446446430
000444544444444444444444444444444444444444444444400
000444444444445444444444444444444444444444444444400
001444444444444444454444444444454444444444444544110
000244544444444444444444444444444444444454444444000
001444444444444444444444444444444444444444444443000
000024444444444454444444544544444444444444444410000
000014444444444444444445444444444544464444454410000
000001544444444444444444444444444444444454444001000
000002044454444444444444444444445454444445444100000
000000004544444444444544444444444444444544321000000
000000001444444444444444444444444444445444100000000
000000000134444444444444444444444444444444000000000
000000000012444445444444444444444444445441000000000
000000000000444444454444444445444444441010000000000
000000000000024444444444444544444444400000000000000
000000000000000120344454444444444445100000000000000
000000000000001001012041441324441341000000000000000
000000000000000000000000000000000000000000000000000
 
Total grains in the pile: 24568
