
000000000000000000000
000000000000000000000
000000000000000000000
000000000000000000000
000000000000000000000
000000000000000000000
000000000000000000000
000000000000000000000
000000000000000000000
000000000000000000000
000000000000000000000
000000000000000000000
000000000000000000000
000000000000000000000
000000000000000000000
000000000000000000000
000000000000000000000
000000000000000000000
000000000000000000000
000000000000000000000
000000000000000000000

000000000000000000000
000000000000000000000
000000000000000000000
000000000000000000000
000000000000000000000
000000000000000000000
000000000000000000000
000000000000000000000
000000000000000000000
000000000000000000000
000000000000000000000
000000000000000000000
000000000000000000000
000000000000000000000
000000000000000000000
000000000000000000000
000000000000000000000
000000000000000000000
000000000000000000000
000000000000000000000
000000000000000000000

000000000000000000000
000000000000000000000
000000000000000000000
000000000000000000000
000000000000000000000
000000000000000000000
000000000000000000000
000000000000000000000
000000000000000000000
000000000000000000000
000000000000000000000
000000000000000000000
000000000000000000000
000000000000000000000
000000000000000000000
000000000000000000000
000000000000000000000
000000000000000000000
000000000000000000000
000000000000000000000
000000000000000000000

000000000000000000000
000000000000000000000
000000000000000000000
000000000000000000000
000000000000000000000
000000000000000000000
000000000000000000000
000000000000000000000
000000000000000000000
000000000000000000000
000000000000000000000
000000000000000000000
000000000000000000000
000000000000000000000
000000000000000000000
000000000000000000000
000000000000000000000
000000000000000000000
000000000000000000000
000000000000000000000
000000000000000000000

000000000000000000000
000000000000000000000
000000000000000000000
000000000000000000000
000000000000000000000
000000000000000000000
000000000000000000000
000000000000000000000
000000000000000000000
000000000000000000000
000000000000000000000
000000000000000000000
000000000000000000000
000000000000000000000
000000000000000000000
000000000000000000000
000000000000000000000
000000000000000000000
000000000000000000000
000000000000000000000
000000000000000000000

000000000000000000000
000000000000000000000
000000000000000000000
000000000000000000000
000000000000000000000
000000000000000000000
000000000000000000000
000000000000000000000
000000000000000000000
000000000000000000000
000000000030000000000
000000000000000000000
000000000000000000000
000000000000000000000
000000000000000000000
000000000000000000000
000000000000000000000
000000000000000000000
000000000000000000000
000000000000000000000
000000000000000000000

000000000000000000000
000000000000000000000
000000000000000000000
000000000000000000000
000000000000000000000
000000000000000000000
000000000000000000000
000000000000000000000
000000000000000000000
000000000024000000000
000000000444000000000
000000000024000000000
000000000000000000000
000000000000000000000
000000000000000000000
000000000000000000000
000000000000000000000
000000000000000000000
000000000000000000000
000000000000000000000
000000000000000000000

000000000000000000000
000000000000000000000
000000000000000000000
000000000000000000000
000000000000000000000
000000000000000000000
000000000000000000000
000000000000000000000
000000002001400000000
000000004303000000000
000000002200100000000
000000000312300000000
000000004423400000000
000000000000000000000
000000000000000000000
000000000000000000000
000000000000000000000
000000000000000000000
000000000000000000000
000000000000000000000
000000000000000000000

000000000000000000000
000000000000000000000
000000000000000000000
000000000000000000000
000000000000000000000
000000000000000000000
000000000000000000000
000000002012040000000
000000041213020000000
000000004212130000000
000000002241400000000
000000032204020000000
000000044312220000000
000000004440200000000
000000000000000000000
000000000000000000000
000000000000000000000
000000000000000000000
000000000000000000000
000000000000000000000
000000000000000000000

000000000000000000000
000000000000000000000
000000000000000000000
000000000000000000000
000000000000000000000
000000000000000000000
000000002401401000000
000000040020044000000
000000224344221000000
000000121244103000000
000000144020414000000
000000441404124000000
000000243231410000000
000000342230144000000
000000211411214000000
000000000000000000000
000000000000000000000
000000000000000000000
000000000000000000000
000000000000000000000
000000000000000000000

000000000000000000000
000000000000000000000
000000000000000000000
000000000000000000000
000000000000000000000
000000021120241000000
000002120432110200000
000002010434320300000
000004214444001000000
000000241444140000000
000000044212523000000
000002242111131300000
000004151442431200000
000001232412124400000
000002243211310400000
000000004441310000000
000000000000000000000
000000000000000000000
000000000000000000000
000000000000000000000
000000000000000000000

000000000000000000000
000000000000000000000
000000000000000000000
000000000000000000000
000001042242200000000
000002011212101000000
000000011044400000000
000014401024342120000
000011442321231420000
000011104334221410000
000022023411402220000
000030012312302430000
000031011311510100000
000033142504104100000
000003443442422110000
000001002442023300000
000000010204320000000
000000000000000000000
000000000000000000000
000000000000000000000
000000000000000000000

000000000000000000000
000000000000000000000
000000000000000000000
000000005410000000000
000000211121111000000
000105044213101200000
000104003144244220000
000401012422123030000
000220110200623413000
000120434344212242000
000432042241222242000
000011002224314112000
000121140112431141000
000000202441501243000
000013510110111430000
000004020144114400000
000002241214432000000
000000001503100100000
000000000000000000000
000000000000000000000
000000000000000000000

000000000000000000000
000000000000000000000
000000210103000000000
000000133144001000000
000113200244114300000
000114310014122310000
000244431113214420000
001442424242111133000
000344004142212003000
002324104221352341400
002153443443420154200
001411003122041224000
000422042444020405000
001142442442442413100
000324420404132341000
000121214415424000000
000010131104310300000
000000244110131100000
000000020144000000000
000000000000000000000
000000000000000000000

000000000000000000000
000000001020100000000
000000001141400000000
000000300443324210000
000014341204542220000
000244440410144221000
000332042424442221000
000154411442403414000
024423100430010044400
010124010524402201410
004344110244433105430
011412044214401304410
002224102344104243400
002420040430440435000
001141344341230320100
000131040401034502000
000004410434140221000
000001400204234000000
000001014044110000000
000000000332000000000
000000000000000000000

000000000240000000000
044444444444444444440
044444444544444444440
044444444444444444440
044444444444444454440
044444444444444444440
044444444444444444440
144444444544444444440
044444444444444444440
144444444444444444440
144544454444444444551
144444444444444444442
044454454444444444441
045444444444444444440
054444544445445444440
044444444454444444451
044444444444444444440
044444444444444444540
044444444444444444440
044444544446444444440
000000001024200000000
 
Total grains in the pile: 3797
