0
0
0
0
10176
9204
10180
10922
10993
9645
6399
5467
4237
4422
1295
911
701
672
525
468
435
358
335
313
308
288
287
287
234
230
209
216
187
183
176
138
166
178
124
128
128
126
130
133
110
117
118
114
118
92
108
87
92
87
98
93
74
68
59
84
69
65
65
61
72
77
69
55
64
51
62
50
53
55
58
57
64
65
59
45
48
57
51
43
59
45
46
46
41
44
45
44
53
40
35
40
39
42
35
39
33
36
43
36
43
51
32
39
37
25
30
37
32
26
23
30
33
33
44
33
36
31
43
32
24
31
34
28
30
22
36
32
25
27
20
21
24
28
22
34
31
26
18
18
25
24
26
28
28
26
29
17
22
18
30
23
22
21
26
18
22
17
18
29
23
9
17
22
19
15
18
18
14
22
11
16
22
18
19
18
19
12
18
17
20
22
9
18
20
20
23
22
16
13
18
12
12
11
14
15
19
12
20
17
12
8
21
16
9
15
18
14
9
14
14
13
10
12
12
19
13
6
13
14
16
14
14
10
12
10
10
9
14
14
11
16
15
14
12
15
14
6
12
9
14
10
10
16
13
12
11
11
6
11
24
12
10
5
13
5
10
14
17
8
11
7
12
4
6
7
7
13
4
5
5
10
7
11
10
15
11
10
8
7
6
8
4
15
7
8
11
9
7
11
6
4
7
12
7
5
8
8
5
5
4
7
8
3
8
6
8
13
11
8
9
6
9
4
8
4
11
11
8
4
12
5
8
6
6
5
3
9
11
3
7
5
5
8
4
6
11
4
8
7
4
9
8
2
9
5
6
6
8
4
6
3
4
2
5
11
2
3
7
5
6
6
3
6
7
4
7
6
3
8
3
7
8
4
5
4
4
4
6
9
4
4
3
2
2
5
4
1
1
5
4
6
6
10
1
1
1
6
6
6
2
5
7
3
2
2
5
5
5
2
2
6
5
0
5
4
9
5
4
2
3
7
4
3
6
3
5
2
2
3
3
5
1
4
7
4
0
5
0
5
4
3
3
2
5
0
4
1
4
3
0
2
1
2
5
3
2
1
2
6
1
4
3
2
2
0
2
2
5
6
5
0
3
1
5
4
3
4
5
4
3
3
2
3
7
0
4
1
1
1
1
4
2
3
2
2
1
3
2
2
0
5
1
2
3
2
3
2
3
4
2
1
1
3
2
0
4
2
1
5
1
1
1
2
3
3
2
2
2
0
4
1
5
2
1
0
1
2
2
0
1
2
2
2
4
1
1
0
0
1
0
2
0
1
1
0
2
1
4
1
1
3
2
0
3
2
3
1
2
0
0
1
6
3
3
1
2
4
2
4
0
1
1
0
5
3
1
3
1
2
2
1
2
0
0
0
1
3
2
1
1
2
0
0
1
1
2
0
1
0
1
2
0
2
1
1
1
2
1
0
2
1
2
1
1
1
0
2
2
1
0
2
0
0
0
1
1
2
1
2
1
1
0
2
1
1
2
0
0
0
1
0
1
1
1
0
3
1
2
0
0
1
0
1
0
0
0
1
2
1
1
1
0
1
0
1
0
1
1
2
0
1
0
1
0
4
0
1
1
1
0
0
2
0
1
1
0
0
1
0
0
0
1
0
1
0
0
0
0
0
0
0
0
0
0
1
0
0
0
1
2
0
0
1
0
0
0
1
0
0
0
1
0
0
2
0
0
0
0
0
1
1
0
0
0
0
0
0
0
1
0
1
0
0
1
0
0
0
1
3
0
0
0
0
2
0
1
1
0
0
1
1
1
1
0
1
1
0
0
2
0
0
0
0
0
0
1
0
1
1
1
0
0
0
2
0
1
0
1
0
1
0
2
0
2
0
1
0
0
1
0
0
1
1
0
1
1
0
0
0
0
1
1
0
2
3
2
0
0
0
0
1
1
0
0
0
0
1
0
0
0
0
0
0
0
0
1
2
0
0
0
0
0
0
0
0
1
0
0
0
1
1
0
0
0
0
0
1
1
0
1
0
0
0
0
1
0
0
0
0
0
0
1
0
0
0
0
0
0
0
0
1
1
0
0
0
0
0
0
0
0
0
0
0
0
0
0
0
0
1
0
0
0
0
0
3
1
0
0
0
0
0
0
0
1
0
0
0
0
0
2
0
0
1
0
0
0
0
0
0
0
2
0
0
0
0
0
1
0
0
0
0
0
0
0
1
0
0
0
0
0
0
0
0
0
0
0
2
0
0
0
0
0
0
0
1
0
0
1
0
1
0
0
0
0
0
0
0
0
0
0
0
0
0
0
0
0
0
0
0
0
0
0
0
0
0
0
1
1
0
0
1
0
0
0
0
1
0
0
0
0
0
0
0
0
0
0
0
0
1
0
0
0
0
0
0
0
0
0
0
0
0
0
0
0
0
0
0
0
0
0
0
0
0
0
0
0
0
0
0
0
0
1
0
0
1
0
1
0
0
0
0
0
1
1
0
0
0
0
0
0
0
0
2
1
0
0
0
0
0
0
0
0
0
0
0
0
0
0
0
0
0
1
0
0
0
0
0
0
0
0
0
0
0
1
0
0
0
0
0
0
0
0
0
0
0
0
0
0
0
0
0
0
0
0
0
0
0
0
0
0
0
0
0
0
0
0
0
0
0
0
0
0
0
0
1
0
0
0
0
0
0
0
0
0
0
0
0
0
0
0
0
0
0
0
0
1
0
0
0
0
0
0
0
0
1
0
0
0
0
0
0
0
0
0
0
0
0
0
0
0
0
0
0
0
0
1
0
0
0
0
0
0
1
0
0
0
0
0
0
0
0
1
0
1
0
0
0
0
0
0
0
0
0
0
0
0
0
0
0
0
0
0
0
0
0
0
0
0
0
0
0
0
0
0
0
0
0
0
0
0
0
0
0
0
0
0
0
0
0
0
0
0
0
0
0
0
0
0
0
0
0
0
0
0
0
0
0
0
0
0
0
0
0
0
0
0
0
0
0
0
0
0
0
0
0
0
0
0
0
0
0
0
0
0
0
0
0
0
0
0
0
0
0
0
0
0
0
0
0
0
0
0
0
0
0
0
0
0
0
0
0
0
0
0
0
0
0
0
0
0
0
0
0
0
0
0
0
0
0
0
0
0
0
0
0
0
0
0
0
0
0
0
0
0
0
0
0
0
0
0
0
0
0
0
0
0
0
0
0
0
0
0
0
0
0
1
0
0
0
0
0
0
0
0
0
0
0
0
0
0
0
0
0
0
0
0
0
0
0
0
0
0
0
0
0
0
0
0
0
0
0
0
0
0
0
0
0
0
0
0
0
0
0
0
0
0
0
0
0
0
0
0
0
0
0
0
0
0
0
0
0
0
0
0
0
0
0
0
0
0
0
0
0
0
0
0
0
0
0
0
0
0
0
0
0
0
0
0
0
0
0
0
0
0
0
0
0
0
0
0
0
0
0
0
0
0
0
0
0
0
0
0
0
0
0
0
0
0
0
0
0
0
0
0
0
0
0
0
0
0
0
0
0
0
0
0
0
0
0
0
0
0
0
0
0
0
0
0
0
0
0
0
0
0
0
0
0
0
0
0
0
0
0
0
0
0
0
0
0
0
0
0
0
0
0
0
0
0
0
0
0
0
0
0
0
0
0
0
0
0
0
0
0
0
0
0
0
0
0
0
0
0
0
0
0
0
0
0
0
0
0
0
0
0
0
0
0
0
0
0
0
0
0
0
0
0
0
0
0
0
0
0
0
0
0
0
0
0
0
0
0
0
0
0
0
0
0
0
0
0
0
0
0
0
0
0
0
0
0
0
0
0
0
0
0
0
0
0
0
0
0
0
0
0
0
0
0
0
0
0
0
0
0
0
0
0
0
0
0
1
