
                               
                               
                               
                               
                               
                               
                               
                               
                               
                               
                               
                               
                               
                               
                               
                               
                               
                               
                               
                               
                               
                               
                               
                               
                               
                               
                               
                               
                               
                               
                               

                               
                               
                               
                               
                               
                               
                               
                               
                               
                               
                               
                               
                               
                               
                               
                               
                               
                               
                               
                               
                               
                               
                               
                               
                               
                               
                               
                               
                               
                               
                               

                               
                               
                               
                               
                               
                               
                               
                               
                               
                               
                               
                               
                               
                               
                               
                               
                               
                               
                               
                               
                               
                               
                               
                               
                               
                               
                               
                               
                               
                               
                               

                               
                               
                               
                               
                               
                               
                               
                               
                               
                               
                               
                               
                               
                               
                               
                               
                               
                               
                               
                               
                               
                               
                               
                               
                               
                               
                               
                               
                               
                               
                               

                               
                               
                               
                               
                               
                               
                               
                               
                               
                               
                               
                               
                               
                               
                               
               0               
                               
                               
                               
                               
                               
                               
                               
                               
                               
                               
                               
                               
                               
                               
                               

                               
                               
                               
                               
                               
                               
                               
                               
                               
                               
                               
                               
                               
                               
              000              
              000              
              000              
                               
                               
                               
                               
                               
                               
                               
                               
                               
                               
                               
                               
                               
                               

                               
                               
                               
                               
                               
                               
                               
                               
                               
                               
                               
                               
                               
             00000             
             00000             
             00000             
             00000             
             00000             
                               
                               
                               
                               
                               
                               
                               
                               
                               
                               
                               
                               
                               

                               
                               
                               
                               
                               
                               
                               
                               
                               
                               
                               
                               
            0000000            
            0000000            
            0000000            
            0000000            
            0000000            
            0000000            
            0000000            
                               
                               
                               
                               
                               
                               
                               
                               
                               
                               
                               
                               

                               
                               
                               
                               
                               
                               
                               
                               
                               
                               
                               
           000000000           
           000000000           
           000000000           
           000000000           
           000000000           
           000000000           
           000000000           
           000000000           
           000000000           
                               
                               
                               
                               
                               
                               
                               
                               
                               
                               
                               

                               
                               
                               
                               
                               
                               
                               
                               
                               
                               
          00000000000          
          00000000000          
          00000000000          
          00000000000          
          00000000000          
          00000000000          
          00000000000          
          00000000000          
          00000000000          
          00000000000          
          00000000000          
                               
                               
                               
                               
                               
                               
                               
                               
                               
                               

                               
                               
                               
                               
                               
                               
                               
                               
                               
         0000000000000         
         0000000000000         
         0000000000000         
         0000000000000         
         0000000000000         
         0000000000000         
         0000000000000         
         0000000000000         
         0000000000000         
         0000000000000         
         0000000000000         
         0000000000000         
         0000000000000         
                               
                               
                               
                               
                               
                               
                               
                               
                               

                               
                               
                               
                               
                               
                               
                               
                               
        000000000000000        
        000000000000000        
        000000000000000        
        000000000000000        
        000000000000000        
        000000000000000        
        000000000000000        
        000000000000000        
        000000000000000        
        000000000000000        
        000000000000000        
        000000000000000        
        000000000000000        
        000000000000000        
        000000000000000        
                               
                               
                               
                               
                               
                               
                               
                               

                               
                               
                               
                               
                               
                               
                               
       00000000000000000       
       00000000000000000       
       00000000000000000       
       00000000000000000       
       00000000000000000       
       00000000000000000       
       00000000000000000       
       00000000000000000       
       00000000000000000       
       00000000000000000       
       00000000000000000       
       00000000000000000       
       00000000000000000       
       00000000000000000       
       00000000000000000       
       00000000000000000       
       00000000000000000       
                               
                               
                               
                               
                               
                               
                               

                               
                               
                               
                               
                               
                               
      0000000000000000000      
      0000000000000000000      
      0000000000000000000      
      0000000000000000000      
      0000000000000000000      
      0000000000000000000      
      0000000000000000000      
      0000000000000000000      
      0000000000000000000      
      0000000000000000000      
      0000000000000000000      
      0000000000000000000      
      0000000000000000000      
      0000000000000000000      
      0000000000000000000      
      0000000000000000000      
      0000000000000000000      
      0000000000000000000      
      0000000000000000000      
                               
                               
                               
                               
                               
                               

                               
                               
                               
                               
                               
     000000000000000000000     
     000000000000000000000     
     000000000000000000000     
     000000000000000000000     
     000000000000000000000     
     000000000000000000000     
     000200000000000000000     
     000000000000000000000     
     000000000000000000000     
     000000000000000000000     
     000000000000000000000     
     000000000000000000000     
     000000000000000000000     
     000000000000000000000     
     000000200000000000000     
     000000000000000000000     
     000000000000000000200     
     000000000000000000000     
     000000000000000000000     
     000000000000000000000     
     000000000000000000000     
                               
                               
                               
                               
                               

                               
                               
                               
                               
    00000000000000000000000    
    00000000000000000000000    
    00000000000000000000000    
    00000000000000000000000    
    00000000000000000003000    
    00000000000000000000000    
    00000000000000000000002    
    00017000000000000000000    
    00000000000000000000000    
    00000000000000000000000    
    000000000000000000010000    
    00000000000000000000000    
    00000000000000000000000    
    00000000000000000000000    
    00000010000000000000000    
    00600006000000000000000    
    00000001000000002008000    
    00000000000000000006000    
    00006000000000000000000    
    00001000000000000000000    
    00000000000000000000000    
    00000000000000000000000    
    00000000000000000000000    
                               
                               
                               
                               

                               
                               
                               
   0000000000000000000000000   
   0000000000000000100000000   
   0000000000000000000000000   
   0000000000000000000000000   
   0000000000000000000000000   
   0000000000000000000080000   
   0100100000000000400000000   
   0070000000000000000000060   
   00200101000000000210000000   
   0000000000000104000021000   
   0000000000000000000100000   
   0001011000000000100070000   
   0000000000000000040001000   
   0000000000000000000000000   
   0010000000000000000000000   
   0000000000000000000000000   
   0006000070000000000000000   
   00000002000000000110067000   
   0000000000100000010060000   
   0000060200000000000000000   
   0000000000000000021002000   
   0000000000000000010200000   
   0000000001000000000000000   
   0000000000000000000000000   
   0000000000000000000000000   
                               
                               
                               

                               
                               
  000000000000000000100000000  
  000000002080100201700000000  
  000000000130002016110000000  
  000000003000081501000100000  
  000000001000000500000100000  
  000020000011000020002000000  
  000010000012000001100700000  
  000201000300000009780000000  
  010603020210100001010000810  
  001000704000072108600120000  
  100100000310104063000311030  
  200000400002012120106000600  
  010263660010030007020710000  
  00100131006000000016000112063  
  000000002000000001200000221  
  000810000000100030102000000  
  100000000000000000000000000  
  200371004600000001130000100  
  010010006002100110600660000  
  0000000000711000000100802000  
  000000607110000003010000000  
  000011011010010000860360000  
  000002003020200000206010000  
  000000000060100000020000000  
  000000203000010000000000000  
  000000000003100610000000000  
  000000000100053200000000000  
                               
                               

                               
 00000001002113625321302000000 
 00000002603163041024101100000 
 00001025361906186236112211000 
 00000076007866771661110500000 
 000110700613309665110036611000 
 000003041627572060101210200100 
 00013633001256006722062031100 
 11021111210222162167127252051 
 121271701086421036076669103111 
 10626061616741212717304507613 
 21062156069030646296766801332 
 06108021116745660645306860640 
 578316071103818736651611161107 
 547261087714731623281926821011 
 1636126310110733810662016101767 
 102521330634126761510000107861 
 121310613672324023607260221314 
 36100200244811052443312101120 
 07206877577143134729741126201 
 10721412273711481601162217803060 
 1033040211310101211602127070154 
 0211214727221826011451003340300 
 002216726219156641210673620010 
 101151710706213071017060841100 
 00015013500133126360901100212010 
 00010357077210661010715100000 
 000000002602960012810512000000 
 00000000007831766112001000000 
 00000000010011172432601000000 
                               

0010121135810878141388866311001010
1000267776101169111178671096615530001
1001661177668614767612766688774010
01211787867666612669710866871176320
1266761166861276677667810611715710721
09687711151176778871089881297910861261
37669106711776129666814866166869141161
1910967710961187111079811106676711661172
18899786789676677677666146676794
466967676117116612111110966116681176773
79686810137766797887669106666611668
7136679612714897610778106877149666686
68766761011876766778127881479786879
8666787671296676101277679696966769
67671367966778101078676108998668886
67126681266688713676669106677888668
11769666667778761071071061066810687137
766779915611676676768666887686796
887810669610761061214797118614156667967
78766126887106799678986101415666151266
771110766777667767612917876768777610
4911776889761267107866676768998874
11078679681210866699107106116118676783
17688106107896786147986669696661165
47671311686108667687667898796666120
17667676666891066867107767127661592
141179128617776761310116676615686126840
006127766610686766101266714666666301
10139688768666611978776668664200
00013677116876676796777977632000
000002142510666761068763552000000
 
Total grains in the pile: 9778
