0
0
0
0
0
0
0
0
0
0
12
298
1836
7012
10172
55613
128313
402563
11435
16126
13609
12642
12208
11810
11633
11256
10736
10667
10104
9883
9582
9348
9049
8622
8425
8169
7842
7673
7154
6934
6842
6524
6312
6153
5756
5513
5357
5074
4865
4820
4398
4249
4066
3939
3934
3650
3356
3258
3130
2998
2961
2674
2628
2501
2401
2258
2197
2070
2041
1978
1824
1807
1754
1621
1546
1479
1457
1381
1252
1218
1225
1086
1059
1047
1026
942
929
938
870
834
804
726
721
671
694
608
624
603
550
569
517
509
505
466
444
434
438
433
385
375
344
343
359
305
272
298
287
277
285
248
253
246
249
243
260
213
210
211
178
180
180
186
179
161
158
157
127
144
143
139
136
160
112
146
132
114
128
121
106
120
100
111
128
102
99
93
95
88
87
93
84
91
80
78
82
69
76
77
70
82
89
71
70
72
52
60
67
58
62
57
58
54
54
50
62
58
47
74
44
52
44
57
45
41
43
48
46
44
48
40
45
41
41
32
38
39
35
51
27
36
35
45
32
36
38
33
32
36
34
24
18
35
35
35
27
24
26
41
26
30
28
27
26
25
29
20
25
20
18
30
17
32
25
21
10
27
14
24
22
19
18
20
29
21
22
23
15
24
15
14
24
19
16
21
20
18
12
18
25
13
17
15
18
25
15
16
15
20
21
17
10
14
18
12
11
16
17
13
8
12
21
13
11
14
15
8
17
11
7
10
13
11
17
10
11
10
7
13
14
10
14
9
10
16
8
13
11
8
8
8
10
8
14
9
7
4
8
9
11
13
8
6
9
7
7
7
11
6
3
11
4
4
8
7
14
7
7
16
5
8
4
7
5
7
8
12
3
8
5
7
3
6
8
8
6
5
4
9
5
3
9
2
6
9
5
3
4
5
4
7
5
5
2
5
1
4
5
2
4
3
3
3
1
2
5
3
5
6
3
4
4
2
1
8
4
4
0
3
4
3
3
2
4
6
2
1
1
2
2
5
1
3
4
5
2
1
2
2
2
3
4
1
5
4
3
2
3
2
4
6
2
4
1
0
3
4
2
2
3
0
5
3
2
3
3
5
1
5
4
1
1
3
2
1
2
0
2
2
1
1
4
3
4
4
1
4
3
3
2
2
3
3
5
2
3
1
1
1
3
0
4
2
2
3
3
1
3
1
1
0
1
0
1
1
1
2
3
0
2
1
0
0
1
0
1
1
1
0
1
1
1
2
0
2
1
0
2
1
0
1
1
2
1
0
2
1
2
0
2
2
1
2
0
0
3
0
3
2
1
0
3
0
1
1
1
1
2
1
2
0
2
1
1
0
1
1
0
1
0
2
1
0
1
1
0
0
0
3
0
0
2
0
1
0
2
0
2
1
0
0
0
0
0
0
1
1
0
1
1
0
0
0
0
0
0
0
1
0
1
0
0
0
0
0
1
0
1
1
1
0
0
0
0
1
1
1
1
1
0
0
1
0
0
0
1
0
0
0
0
0
0
1
1
1
0
0
1
1
2
0
1
0
0
0
0
0
1
0
1
0
0
2
0
0
0
0
1
0
1
0
0
0
1
0
0
1
0
0
0
2
1
0
1
0
0
0
0
0
0
0
0
0
0
0
1
0
0
0
1
0
1
0
0
0
1
0
0
0
0
0
0
0
0
0
0
0
0
0
1
0
0
0
1
1
0
1
0
1
0
0
1
0
0
0
0
0
0
0
0
0
0
0
0
0
0
0
0
0
0
0
0
0
1
0
0
0
1
0
0
0
0
0
0
0
0
0
0
0
0
1
0
0
0
0
0
0
1
1
0
0
0
0
0
0
0
0
0
0
0
0
0
0
0
0
0
0
0
0
0
1
0
0
0
0
0
0
0
0
0
0
0
0
0
0
0
0
0
0
1
0
0
0
0
0
0
0
0
0
0
0
0
0
0
0
0
0
0
0
0
0
0
0
0
0
0
0
0
0
0
0
0
0
0
0
0
0
0
0
0
1
0
0
0
0
1
0
0
0
0
0
0
0
0
0
0
0
0
0
0
0
0
0
1
0
0
0
0
0
0
0
0
0
0
0
1
0
0
1
0
0
0
0
0
0
0
1
0
0
0
0
0
0
0
0
0
0
0
0
0
0
0
0
0
0
0
1
0
0
0
0
0
0
0
0
0
0
0
0
0
0
0
0
0
0
0
0
0
0
0
0
0
0
0
0
0
0
0
0
0
0
0
0
0
0
0
0
0
0
0
0
0
0
0
0
0
0
0
0
0
0
0
0
0
0
0
0
0
0
0
0
0
0
0
0
0
0
0
0
0
0
0
0
0
0
0
0
0
0
1
0
0
0
0
0
0
0
0
0
0
0
0
0
0
0
0
0
0
0
0
0
0
0
0
0
0
0
0
0
0
0
0
0
0
0
0
0
0
0
0
0
0
0
0
0
0
0
0
0
0
0
0
0
0
0
0
0
0
0
0
0
0
0
0
0
0
0
0
0
0
0
0
0
0
1
