
000000000000000000000
000000000000000000000
000000000000000000000
000000000000000000000
000000000000000000000
000000000000000000000
000000000000000000000
000000000000000000000
000000000000000000000
000000000000000000000
000000000000000000000
000000000000000000000
000000000000000000000
000000000000000000000
000000000000000000000
000000000000000000000
000000000000000000000
000000000000000000000
000000000000000000000
000000000000000000000
000000000000000000000

000000000000000000000
000000000000000000000
000000000000000000000
000000000000000000000
000000000000000000000
000000000000000000000
000000000000000000000
000000000000000000000
000000000000000000000
000000000000000000000
000000000000000000000
000000000000000000000
000000000000000000000
000000000000000000000
000000000000000000000
000000000000000000000
000000000000000000000
000000000000000000000
000000000000000000000
000000000000000000000
000000000000000000000

000000000000000000000
000000000000000000000
000000000000000000000
000000000000000000000
000000000000000000000
000000000000000000000
000000000000000000000
000000000000000000000
000000000000000000000
000000000000000000000
000000000000000000000
000000000000000000000
000000000000000000000
000000000000000000000
000000000000000000000
000000000000000000000
000000000000000000000
000000000000000000000
000000000000000000000
000000000000000000000
000000000000000000000

000000000000000000000
000000000000000000000
000000000000000000000
000000000000000000000
000000000000000000000
000000000000000000000
000000000000000000000
000000000000000000000
000000000000000000000
000000000000000000000
000000000000000000000
000000000000000000000
000000000000000000000
000000000000000000000
000000000000000000000
000000000000000000000
000000000000000000000
000000000000000000000
000000000000000000000
000000000000000000000
000000000000000000000

000000000000000000000
000000000000000000000
000000000000000000000
000000000000000000000
000000000000000000000
000000000000000000000
000000000000000000000
000000000000000000000
000000000000000000000
000000000000000000000
000000000000000000000
000000000000000000000
000000000000000000000
000000000000000000000
000000000000000000000
000000000000000000000
000000000000000000000
000000000000000000000
000000000000000000000
000000000000000000000
000000000000000000000

000000000000000000000
000000000000000000000
000000000000000000000
000000000000000000000
000000000000000000000
000000000000000000000
000000000000000000000
000000000000000000000
000000000000000000000
000000000000000000000
000000000010000000000
000000000000000000000
000000000000000000000
000000000000000000000
000000000000000000000
000000000000000000000
000000000000000000000
000000000000000000000
000000000000000000000
000000000000000000000
000000000000000000000

000000000000000000000
000000000000000000000
000000000000000000000
000000000000000000000
000000000000000000000
000000000000000000000
000000000000000000000
000000000000000000000
000000000000000000000
000000000111000000000
000000000414000000000
000000000501000000000
000000000000000000000
000000000000000000000
000000000000000000000
000000000000000000000
000000000000000000000
000000000000000000000
000000000000000000000
000000000000000000000
000000000000000000000

000000000000000000000
000000000000000000000
000000000000000000000
000000000000000000000
000000000000000000000
000000000000000000000
000000000000000000000
000000000000000000000
000000001344100000000
000000004441400000000
000000002342200000000
000000001421200000000
000000004112100000000
000000000000000000000
000000000000000000000
000000000000000000000
000000000000000000000
000000000000000000000
000000000000000000000
000000000000000000000
000000000000000000000

000000000000000000000
000000000000000000000
000000000000000000000
000000000000000000000
000000000000000000000
000000000000000000000
000000000000000000000
000000031244410000000
000000011324140000000
000000013432310000000
000000033244420000000
000000044141140000000
000000013402210000000
000000011344310000000
000000000000000000000
000000000000000000000
000000000000000000000
000000000000000000000
000000000000000000000
000000000000000000000
000000000000000000000

000000000000000000000
000000000000000000000
000000000000000000000
000000000000000000000
000000000000000000000
000000000000000000000
000000213114433000000
000000111131141000000
000000124124341000000
000000112441434000000
000000113142134000000
000000114411434000000
000000214214321000000
000000212431114000000
000000113354342000000
000000000000000000000
000000000000000000000
000000000000000000000
000000000000000000000
000000000000000000000
000000000000000000000

000000000000000000000
000000000000000000000
000000000000000000000
000000000000000000000
000000000000000000000
000000123411211000000
000001221112121100000
000001111321111500000
000001124124114100000
000004314112211100000
000002112111511400000
000002124111114100000
000003112321343100000
000000321044013400000
000002122434211100000
000000223142142000000
000000000000000000000
000000000000000000000
000000000000000000000
000000000000000000000
000000000000000000000

000000000000000000000
000000000000000000000
000000000000000000000
000000000000000000000
000000134413141100000
000002414441214100000
000013212221114100000
000014132351314520000
000034131412342120000
000012435421244210000
000013115121112410000
000041144154232440000
000024131411215110000
000011442131231410000
000011111124111410000
000000122324131310000
000000114132010000000
000000000000000000000
000000000000000000000
000000000000000000000
000000000000000000000

000000000000000000000
000000000000000000000
000000000000000000000
000000011314421000000
000001231241101100000
000002132143112110000
000023111111114420000
000132115514422113000
000441341523341242000
000414142431442044000
000114141241334222000
000141411413421224000
000443311112142431000
000011144144311211000
000021423214412130000
000012145121211400000
000000442312130000000
000000011413312000000
000000000000000000000
000000000000000000000
000000000000000000000

000000000000000000000
000000000000000000000
000000003224200000000
000000224044432100000
000013114234424400000
000111244433142121000
000141221314441431000
000411214124412343100
001244421131441111100
004542443414213125100
002442444231244211400
001344442323042213300
001444442311411102100
000221112144441444000
000341423112404121000
000044212442411300000
000004234441431100000
000000241144121000000
000000001004000000000
000000000000000000000
000000000000000000000

000000000000000000000
000000000240000000000
000000115124300000000
000000141242131000000
000004144444423400000
000243114441402430000
002124454121143413010
000445444213413145100
002344444313164144200
044421441312244334410
024422224324113441410
041114421311114244110
002232344342145431400
001303414444121421100
001041313141414141000
000242312525144142000
000104121442413212000
000000440414341100000
000000001241210000000
000000000121100000000
000000000000000000000

000000002100000000000
054444545444444544440
044444444444444444440
044464454444444444440
044444444444444544440
044444444444444444440
044444444444444454440
044444444444544444540
044444444444444445452
154544444454444444440
444444444444445444444
044444444444444444443
044444444444444444441
144444444444444444440
044444444454444444450
044444444444444444540
044444444455444444440
044444444444545444440
044444444444444444440
044444445444444444440
000000000130010000000
 
Total grains in the pile: 4088
