0
0
0
0
5577
5672
12397
13617
9956
9819
6431
5295
4922
5766
1413
1011
801
673
641
548
522
444
408
413
360
325
304
298
267
269
271
247
234
211
232
211
209
194
176
173
198
157
176
147
148
138
142
126
125
118
125
124
102
106
100
98
91
91
103
84
83
85
82
83
68
76
82
70
82
78
71
70
64
73
66
57
56
59
59
53
45
58
67
65
59
51
68
49
55
58
46
52
41
73
51
48
44
45
58
33
46
44
42
47
37
35
27
36
38
44
37
25
26
37
40
33
35
37
31
31
39
27
37
25
25
40
23
29
27
27
27
28
29
33
27
23
21
21
29
29
18
27
33
22
29
25
27
20
31
24
24
19
20
21
23
27
16
20
25
33
24
25
21
31
22
22
14
24
15
19
16
14
21
15
20
9
17
18
16
20
23
22
14
16
16
23
17
16
23
12
18
17
12
21
14
17
20
18
11
22
18
26
19
20
10
13
10
14
11
9
13
21
11
9
13
12
14
11
14
17
15
12
11
10
11
17
16
13
19
7
21
9
15
15
8
14
9
15
8
10
11
10
13
7
15
10
6
8
20
12
11
4
11
11
10
14
11
8
10
16
11
9
10
10
8
7
8
10
9
17
6
7
10
6
11
12
7
10
7
9
10
7
7
10
7
12
8
9
8
9
5
7
3
8
6
5
8
6
6
8
6
8
8
8
8
7
8
7
12
8
8
6
8
6
4
8
6
6
6
7
7
4
7
6
5
4
7
6
4
4
7
4
6
2
9
7
5
3
8
7
4
5
6
2
6
6
7
6
3
8
5
4
7
3
6
3
1
5
7
7
6
3
0
4
3
7
6
5
6
5
7
7
6
4
2
4
4
3
2
3
5
2
3
3
6
2
5
5
4
4
1
6
6
3
3
2
2
2
5
8
2
4
0
3
7
6
3
2
4
2
1
4
4
2
3
5
4
3
2
4
4
7
0
3
1
2
2
5
2
5
0
2
4
2
3
4
2
3
5
1
2
2
7
0
1
4
4
2
4
3
2
1
2
1
1
2
0
1
0
2
1
4
2
2
1
3
4
4
2
4
0
1
3
0
4
3
3
3
2
1
1
4
6
3
3
5
2
4
2
2
2
3
0
0
2
4
0
0
2
4
2
0
2
4
3
1
3
2
1
4
4
6
0
0
3
2
3
0
3
1
4
2
0
0
3
1
5
2
4
1
1
3
4
1
2
2
3
2
2
2
0
3
1
5
2
2
0
0
2
1
0
5
2
1
4
1
1
3
1
0
0
1
1
0
0
0
0
0
0
1
2
0
1
0
0
0
4
0
1
1
2
0
2
2
2
1
1
2
3
1
1
0
1
2
0
4
1
4
1
1
0
2
1
0
2
1
0
1
0
2
1
0
0
2
0
0
1
0
0
1
0
4
0
1
1
2
1
0
1
0
0
2
2
3
0
1
1
1
1
3
1
2
0
0
1
0
1
0
0
0
0
1
0
0
0
2
0
1
0
0
0
0
1
0
0
1
4
2
2
0
1
3
0
0
3
0
0
0
1
0
1
0
1
1
0
0
0
0
1
1
1
0
0
0
1
1
0
1
1
1
1
1
0
0
3
0
1
2
0
0
0
2
0
0
0
0
0
0
2
0
2
0
0
0
0
0
0
0
0
0
0
0
0
1
1
0
1
0
0
0
1
0
0
0
0
0
0
1
1
0
0
1
0
0
1
0
0
0
0
0
0
0
1
1
0
2
1
0
1
0
0
1
1
0
0
1
1
1
0
0
1
1
1
0
1
1
0
0
0
0
0
0
0
1
0
1
0
1
0
0
0
1
1
0
0
1
0
0
1
0
0
0
0
1
0
0
0
0
0
0
0
0
0
0
0
0
0
0
0
0
1
0
0
0
0
0
0
0
1
0
0
1
0
0
0
0
1
1
0
0
1
0
3
1
0
0
0
1
0
0
0
0
2
0
1
0
0
0
0
0
0
0
0
0
0
1
0
0
0
0
0
0
0
0
0
0
0
1
0
0
1
0
0
0
0
0
0
0
0
0
1
0
0
0
0
0
0
0
1
0
0
0
0
0
1
0
0
0
0
0
0
0
0
0
0
0
0
1
0
1
0
0
0
0
0
0
0
0
0
1
0
0
0
0
0
0
0
0
0
0
0
0
0
0
0
0
0
0
0
0
0
0
0
0
0
0
0
0
0
0
0
0
1
0
0
0
0
0
0
0
0
0
0
0
0
0
0
0
0
0
0
1
0
0
0
0
0
0
0
0
0
1
0
0
0
1
1
0
1
0
0
0
0
0
0
0
0
0
0
0
0
0
0
1
0
0
0
0
0
0
0
0
0
0
0
0
0
0
0
0
0
0
0
0
0
0
0
0
0
0
0
0
0
0
0
0
0
0
0
0
0
0
0
0
0
0
1
0
1
0
1
0
0
1
0
0
0
0
0
0
1
0
0
0
0
0
0
0
0
0
0
0
0
0
0
0
0
0
0
0
0
0
0
0
0
0
0
0
0
0
0
0
0
0
0
0
0
0
0
0
0
0
0
0
0
0
0
0
0
0
0
0
0
0
0
0
0
0
0
0
0
0
0
0
0
0
0
0
0
0
0
0
0
0
0
0
0
0
0
1
0
0
0
0
0
0
0
0
0
0
0
0
0
0
1
0
0
0
0
0
0
0
0
0
0
0
0
0
0
0
0
0
0
0
1
0
0
0
0
0
0
0
0
0
0
0
0
0
0
0
0
0
0
0
0
0
0
0
0
0
0
0
0
0
0
0
0
0
0
0
0
0
0
0
1
