
                 
                 
                 
                 
                 
                 
                 
                 
                 
                 
                 
                 
                 
                 
                 
                 
                 

                 
                 
                 
                 
                 
                 
                 
                 
                 
                 
                 
                 
                 
                 
                 
                 
                 

                 
                 
                 
                 
                 
                 
                 
                 
        1        
                 
                 
                 
                 
                 
                 
                 
                 

                 
                 
                 
                 
                 
                 
                 
       454       
       114       
       431       
                 
                 
                 
                 
                 
                 
                 

                 
                 
                 
                 
                 
                 
      00410      
      12341      
      01424      
      40321      
      10420      
                 
                 
                 
                 
                 
                 

                 
                 
                 
                 
                 
     1044115     
     2014412     
     3003014     
     1220442     
     0511244     
     2130022     
     0242340     
                 
                 
                 
                 
                 

                 
                 
                 
                 
    102032114    
    042141242    
    340344311    
    241014341    
    311404442    
    041214221    
    402211343    
    440311102    
    132021023    
                 
                 
                 
                 

                 
                 
                 
   01241142020   
   11000210101   
   01300324111   
   43444424144   
   12311122440   
   04040004440   
   10524140412   
   11342140342   
   32430202211   
   00000133021   
   01411110100   
                 
                 
                 

                 
                 
  0014540004300  
  0012114323220  
  1100340010410  
  1104023341102  
  1100444401312  
  1244113110141  
  1144314124400  
  0115003013213  
  0221240232220  
  1433414044202  
  0131012112220  
  0141122302200  
  0024014311000  
                 
                 

                 
 000004211130000 
 002204114312100 
 033334002411111 
 244404244324000 
 141124201340401 
 414444210444421 
 203541200244132 
 450100440411441 
 404400303042244 
 401414435540024 
 230214341142020 
 301443440032110 
 004040431413410 
 001242104012300 
 000004424230000 
                 

00000034544200000
04444444444444440
04444455546444440
04444544444544440
04444444444456441
14444444444445441
44444444444444444
44444544444444444
44444445544444454
44454444444444444
34444444444444444
04444444445444440
04444444444444441
04444444444444440
04455444444444440
04444444444444440
00001245443400000
 
Total grains in the pile: 2273
