0
4881
12796
14617
11561
8044
7964
7725
9413
1625
1283
955
803
710
611
570
567
480
466
468
408
413
371
371
362
313
328
312
277
289
265
245
252
214
200
213
196
172
198
182
180
160
160
158
139
155
129
147
128
120
131
112
113
109
118
103
110
119
99
95
98
81
85
88
81
83
78
68
66
63
57
65
69
72
61
59
49
75
79
67
60
49
46
53
55
60
40
46
47
44
38
45
45
46
32
49
54
46
47
36
39
39
36
46
40
32
28
40
50
33
31
31
34
24
34
26
35
28
31
26
29
30
36
33
20
39
25
35
35
27
21
23
24
27
28
18
19
33
26
29
22
23
20
19
24
18
13
21
16
20
18
20
16
29
18
17
16
19
24
16
8
18
24
15
21
20
14
14
14
13
10
13
26
17
10
16
25
13
17
19
13
21
11
13
14
11
10
13
13
12
12
15
17
12
15
8
9
10
21
9
11
26
16
15
14
14
16
19
9
14
13
14
9
7
11
14
9
9
10
10
7
8
16
13
6
11
9
13
9
9
7
7
9
11
8
11
5
6
11
4
16
8
7
9
16
12
8
11
5
9
11
7
6
10
8
10
8
2
4
13
12
9
7
9
5
4
6
9
2
9
6
12
6
8
8
10
9
8
0
7
12
11
5
7
6
2
1
5
8
2
8
4
6
3
5
8
6
5
6
5
5
1
6
3
6
5
2
6
5
8
5
8
4
9
10
3
5
8
1
2
7
4
7
7
4
8
5
7
1
5
3
1
2
6
8
2
4
7
1
5
2
4
6
6
4
2
4
9
4
2
2
4
7
3
5
6
0
2
6
3
2
5
3
3
6
1
5
2
1
4
7
6
8
4
3
4
4
4
4
4
3
2
2
7
1
1
2
4
4
3
4
2
5
2
5
0
2
1
3
3
2
5
3
3
3
0
1
3
3
1
4
5
4
1
4
1
3
0
1
3
1
3
0
2
2
2
5
2
3
3
0
4
5
4
2
1
0
1
0
1
3
1
1
1
0
3
2
2
5
1
2
0
0
5
4
3
1
2
4
2
1
3
0
1
1
2
0
0
0
0
3
2
2
2
2
1
3
0
3
1
0
1
1
1
1
2
2
0
1
4
1
0
0
1
1
1
0
1
2
1
3
3
3
2
4
1
1
1
1
3
1
2
0
0
4
1
0
2
0
0
2
2
0
2
0
2
0
2
4
2
2
2
1
1
3
0
0
1
1
0
2
0
1
2
0
4
1
2
0
1
0
1
0
1
1
2
2
2
2
0
1
1
0
2
1
1
0
2
0
2
2
0
1
1
0
1
1
0
0
2
1
1
1
2
4
0
2
3
0
0
1
0
2
0
1
1
0
1
0
1
0
1
0
0
1
0
1
0
2
1
1
0
0
0
0
0
1
1
0
0
0
1
0
0
0
1
1
2
2
0
0
1
0
2
0
0
0
0
0
0
1
0
0
0
0
1
0
0
1
0
1
0
0
1
1
0
1
0
1
3
0
1
0
0
1
0
0
1
0
1
0
1
0
0
0
0
0
0
1
1
0
0
0
0
0
0
0
0
1
0
1
0
0
0
0
0
0
0
0
0
0
0
2
0
0
0
1
0
0
0
0
0
1
1
1
0
0
1
1
1
0
1
0
0
0
0
1
0
0
0
0
0
0
1
0
0
0
0
0
1
2
2
1
0
0
1
0
0
1
0
0
0
0
0
1
0
0
0
0
0
2
0
1
0
0
1
1
1
0
0
0
0
0
0
0
0
0
0
1
0
0
0
0
0
0
0
0
0
0
1
0
0
0
0
0
0
1
0
0
0
0
0
1
0
0
0
1
0
0
0
0
0
0
0
0
0
0
0
0
1
0
1
1
0
0
1
0
2
0
0
0
0
0
0
0
0
0
0
1
0
0
0
0
0
0
0
0
0
0
0
0
0
0
1
1
0
1
0
0
0
1
0
0
0
0
0
0
0
0
0
0
0
0
0
0
0
1
1
0
0
0
0
0
0
0
0
0
0
0
1
1
0
0
0
0
0
0
0
0
0
0
0
0
1
0
0
0
0
0
0
0
0
0
0
1
0
0
0
0
0
0
0
1
0
0
0
0
0
0
0
0
0
0
0
0
0
0
0
0
0
0
1
0
1
0
0
0
0
0
0
0
0
0
0
0
0
1
0
0
0
0
1
0
0
0
0
0
0
0
1
0
0
0
0
0
0
0
0
0
0
0
0
1
0
0
0
0
0
0
0
0
0
0
0
0
0
0
0
0
0
0
0
0
0
0
0
0
0
0
0
0
0
0
0
0
0
0
0
0
0
0
0
0
0
0
0
0
0
0
0
0
0
0
0
0
0
0
0
0
0
0
0
0
0
0
0
0
0
0
0
0
0
0
0
0
0
0
0
0
0
0
0
0
0
0
0
0
0
0
0
0
0
0
0
0
0
0
0
0
0
0
0
0
0
0
0
0
0
1
0
0
0
0
0
0
0
1
0
0
0
0
0
0
0
0
0
0
0
0
0
0
0
0
0
0
0
0
0
0
0
0
0
0
0
0
0
0
0
0
0
0
0
0
0
0
1
0
0
0
0
0
0
0
0
0
0
0
0
0
0
0
0
0
0
0
0
0
0
1
0
0
0
0
0
0
0
0
0
0
0
0
0
0
0
0
0
0
0
0
0
0
0
0
0
0
0
0
0
0
0
0
0
0
0
0
0
1
0
0
0
0
0
0
0
0
0
0
0
0
0
0
0
0
0
0
0
0
0
0
0
0
0
0
0
0
0
0
0
0
0
0
0
0
0
0
0
0
0
0
0
0
0
0
0
0
0
0
0
0
0
0
0
0
0
0
0
0
0
0
0
0
0
0
0
0
0
0
0
0
0
0
0
0
0
0
0
0
0
0
0
0
0
0
0
0
0
0
0
0
0
0
0
0
0
0
0
0
0
0
0
0
0
0
0
0
0
0
0
0
0
0
0
0
0
0
0
0
0
0
0
0
0
0
0
0
0
0
0
0
0
0
0
0
0
1
