
                     
                     
                     
                     
                     
                     
                     
                     
                     
                     
                     
                     
                     
                     
                     
                     
                     
                     
                     
                     
                     

                     
                     
                     
                     
                     
                     
                     
                     
                     
                     
                     
                     
                     
                     
                     
                     
                     
                     
                     
                     
                     

                     
                     
                     
                     
                     
                     
                     
                     
                     
                     
                     
                     
                     
                     
                     
                     
                     
                     
                     
                     
                     

                     
                     
                     
                     
                     
                     
                     
                     
                     
                     
                     
                     
                     
                     
                     
                     
                     
                     
                     
                     
                     

                     
                     
                     
                     
                     
                     
                     
                     
                     
                     
                     
                     
                     
                     
                     
                     
                     
                     
                     
                     
                     

                     
                     
                     
                     
                     
                     
                     
                     
                     
                     
          0          
                     
                     
                     
                     
                     
                     
                     
                     
                     
                     

                     
                     
                     
                     
                     
                     
                     
                     
                     
         250         
         104         
         140         
                     
                     
                     
                     
                     
                     
                     
                     
                     

                     
                     
                     
                     
                     
                     
                     
                     
        13504        
        14040        
        44244        
        44441        
        24144        
                     
                     
                     
                     
                     
                     
                     
                     

                     
                     
                     
                     
                     
                     
                     
       1104124       
       0041121       
       0211012       
       4112130       
       0001201       
       1420000       
       0015100       
                     
                     
                     
                     
                     
                     
                     

                     
                     
                     
                     
                     
                     
      001120010      
      210010111      
      000411341      
      011000313      
      000311112      
      000402141      
      014440012      
      401140012      
      110001012      
                     
                     
                     
                     
                     
                     

                     
                     
                     
                     
                     
     20001132341     
     10025141201     
     00102021141     
     01110122011     
     41440130200     
     24144423034     
     04141414014     
     04014341201     
     22112212013     
     12110432012     
     01104440221     
                     
                     
                     
                     
                     

                     
                     
                     
                     
    0020041102100    
    0203222112111    
    1001401104123    
    1014105044431    
    1021010401102    
    1013322402410    
    3041234140411    
    0032041321410    
    0045014344404    
    1412230022244    
    1002001411110    
    0300001310101    
    0023413220100    
                     
                     
                     
                     

                     
                     
                     
   003212023010100   
   001311100204010   
   104133112011310   
   022004313120102   
   140212134431041   
   010212320141411   
   011043442243032   
   121044244421021   
   001203022404102   
   202412202001432   
   241042301324244   
   214110023401014   
   102400034033422   
   002100101412300   
   011403414011000   
                     
                     
                     

                     
                     
  00000313041141000  
  00042420000440100  
  01104340040410200  
  01440120031111401  
  04041312124044343  
  01114404251314124  
  02144114444444444  
  43114113511020044  
  00452040404411422  
  01313314414420312  
  11323141420105110  
  31111110140031010  
  01003104041100040  
  01204024430102100  
  00104001404221000  
  00124030200030000  
  00001421122000000  
                     
                     

                     
 0000000011421200000 
 0000002601442431000 
 0111134441042142000 
 0134440545140151110 
 0104242341011440030 
 2241104102041411240 
 1442413421113144433 
 1140245244124143150 
 3100001444654322144 
 2446144141113044144 
 0414440410204413434 
 4014314242424334411 
 2044114110444020241 
 1114241114021144042 
 0142100404401343210 
 1004211441404030120 
 0011132004424310010 
 0000010434540141000 
 0000002310444200000 
                     

000001041444142000000
044444444444444444450
044454544444444444440
044444444454544444440
044444444444444444440
044444445444444444440
044444444444544444441
144444444454444444440
444444444444444444442
444444444444444444454
444544444444444444444
444444444544444444445
444444444444444454444
144444444444444545443
044444444454444444442
144544444444444444441
044454445444444444440
044444444444444444440
044444444444444454440
044454445444445454440
000001004444430000000
 
Total grains in the pile: 3790
