0
0
0
0
2843
15734
46694
68563
109501
193446
85865
76287
86932
78117
15439
11583
9045
7538
6540
5816
5418
4933
4564
4356
4233
3981
3800
3629
3451
3421
3252
3075
3041
2857
2827
2676
2566
2499
2479
2306
2378
2153
2074
1944
2055
1968
1925
1823
1761
1770
1684
1622
1583
1563
1465
1423
1422
1347
1380
1284
1308
1208
1189
1183
1211
1125
1090
1068
1033
974
1021
923
954
931
868
893
866
860
789
773
780
707
752
785
723
692
691
673
624
656
616
664
607
641
606
628
587
549
574
531
498
486
555
485
489
439
449
449
489
449
443
420
408
420
400
382
372
392
389
374
336
349
349
301
348
368
319
347
317
322
357
320
306
293
320
275
280
288
276
277
260
238
263
283
241
250
227
239
242
242
260
221
223
213
253
219
203
237
192
230
210
195
201
195
199
202
188
191
203
197
173
176
160
179
138
176
162
174
167
157
150
154
160
134
160
142
152
145
142
141
121
153
152
180
145
137
115
131
130
143
125
123
110
98
123
109
125
131
115
126
106
104
115
123
113
117
120
104
112
116
106
106
94
107
101
104
106
96
93
99
100
101
80
103
94
89
88
92
114
90
69
87
106
85
100
81
85
80
82
91
67
80
87
79
78
72
78
66
74
65
66
75
82
65
67
67
80
54
50
83
67
70
51
69
78
72
59
57
48
70
66
57
64
65
69
52
54
66
67
51
49
69
60
60
48
52
41
48
52
59
48
45
44
52
58
54
41
46
51
48
48
49
45
54
51
48
39
34
43
57
51
34
41
29
50
44
39
43
35
51
43
48
44
38
40
43
44
35
46
45
46
35
43
45
35
45
35
36
37
36
37
30
38
30
35
30
34
40
26
43
38
36
30
38
34
28
32
31
38
30
28
40
29
22
30
33
26
28
31
27
20
34
26
34
30
28
28
30
31
18
35
35
28
22
29
33
28
34
36
26
32
22
29
24
21
26
32
26
11
20
21
17
24
23
26
18
15
9
20
23
23
23
18
31
23
15
20
16
23
27
22
16
20
21
19
21
21
26
17
14
15
22
28
21
22
19
16
22
22
23
17
16
15
20
16
23
22
14
20
17
16
19
12
14
13
13
9
12
21
15
15
12
10
17
19
19
9
13
17
19
17
17
15
14
17
14
17
16
12
12
19
14
18
15
16
12
16
16
12
15
12
13
17
17
14
11
10
13
20
19
7
6
16
15
15
10
10
8
17
9
11
9
12
14
10
19
10
7
10
7
10
11
7
18
17
12
14
14
12
11
13
8
15
8
12
9
9
5
12
10
11
7
13
10
6
12
11
14
13
15
8
12
5
15
10
5
9
6
7
9
7
8
8
11
13
11
9
6
10
15
5
6
6
8
12
10
8
10
6
3
8
8
11
8
6
9
3
10
5
6
6
7
10
5
3
5
7
3
4
4
9
6
9
9
5
11
7
4
9
6
3
11
6
5
3
6
13
6
7
4
3
3
6
3
3
8
7
7
5
6
7
5
3
4
9
2
6
4
6
7
6
4
4
4
4
5
6
3
5
1
3
8
4
6
7
5
4
2
3
3
6
3
8
2
5
12
9
3
8
3
7
5
4
6
3
7
6
6
4
3
5
5
3
2
5
3
6
3
5
6
4
3
2
3
4
4
5
3
2
3
2
3
2
5
2
5
3
4
4
5
2
4
1
3
4
6
5
3
8
2
2
4
1
3
2
3
7
4
3
1
6
8
1
1
5
2
1
6
3
4
3
4
3
3
3
1
3
3
3
1
2
3
2
5
2
5
2
3
1
1
3
3
4
5
2
3
1
1
3
3
1
1
3
1
7
3
3
3
3
2
2
7
2
1
2
3
7
4
3
4
1
2
4
3
6
2
3
3
3
4
3
2
2
1
3
2
4
3
1
4
5
1
2
2
1
2
1
2
3
4
0
4
5
1
2
1
3
3
2
3
0
5
2
0
1
5
2
5
1
2
1
1
1
8
2
2
2
3
1
2
3
1
1
2
3
3
0
3
1
0
5
1
0
1
1
1
1
1
0
1
0
1
2
1
0
0
3
0
1
0
0
0
3
0
2
3
3
3
0
2
2
1
1
4
3
3
2
0
0
2
2
3
2
0
2
1
2
1
1
2
0
0
2
2
2
0
2
1
0
4
1
1
3
1
0
0
1
2
0
2
0
1
1
1
2
3
0
0
0
0
2
0
4
1
1
0
2
0
2
2
1
2
2
0
1
1
1
2
0
0
1
1
1
1
0
1
2
0
1
1
1
0
1
1
0
1
1
1
4
0
0
1
1
1
0
2
1
0
1
1
1
2
0
0
1
0
1
1
0
1
0
0
1
1
0
1
1
1
1
2
0
0
0
1
0
0
0
0
2
1
0
1
2
0
1
0
0
1
0
2
0
1
0
0
2
0
0
3
0
3
1
0
0
2
0
0
0
0
2
0
1
0
1
1
1
0
1
0
0
1
0
1
0
0
2
1
2
0
2
0
0
1
1
0
0
0
1
0
0
1
0
1
1
1
1
0
0
0
3
0
0
0
1
1
0
0
1
0
0
1
0
2
2
0
0
0
0
0
2
1
0
0
0
0
0
1
0
0
0
1
0
0
1
1
0
0
0
0
0
0
1
0
1
1
0
1
1
1
0
0
0
1
1
0
0
0
0
0
0
1
0
0
0
0
0
0
0
0
1
0
0
0
0
2
0
0
1
0
0
0
0
0
0
0
2
0
0
1
0
0
0
0
0
0
0
1
0
1
0
0
0
0
1
0
0
1
1
2
0
0
0
0
1
1
2
0
0
0
0
0
0
0
0
0
0
0
1
0
0
0
0
0
0
0
0
1
0
1
0
1
0
0
0
0
0
0
1
0
0
0
1
0
0
0
0
0
1
0
0
0
0
0
0
0
0
0
1
0
0
0
0
0
0
0
1
1
0
0
1
0
0
1
0
0
0
1
0
0
0
0
0
0
0
0
0
0
1
0
0
0
0
1
0
0
0
0
0
0
0
0
0
0
0
0
0
0
0
1
0
1
0
0
1
0
0
0
0
0
0
0
1
0
0
0
0
0
0
0
0
0
0
0
0
0
1
0
0
0
0
0
0
0
0
1
0
0
0
0
0
0
0
0
0
0
0
0
0
0
0
0
0
0
0
0
0
0
0
0
0
0
0
0
0
0
0
3
0
0
1
0
0
0
0
0
0
0
0
0
0
0
0
0
0
0
0
0
0
0
0
0
0
0
0
0
0
0
0
0
0
0
0
0
0
0
0
0
0
0
0
0
0
0
0
0
0
0
0
0
0
0
0
0
0
0
0
0
0
0
0
0
0
0
0
0
0
0
0
0
0
0
0
0
0
0
0
1
0
0
0
0
0
0
0
0
0
0
0
0
0
0
0
0
0
0
0
0
0
0
0
0
0
0
0
0
0
0
0
0
0
0
1
0
0
1
0
1
0
0
0
0
0
0
0
1
0
1
0
1
0
0
0
0
0
0
0
0
0
0
0
0
0
0
0
0
0
0
0
0
0
0
0
0
0
0
0
0
0
0
0
0
0
0
0
0
0
0
0
0
0
0
0
0
0
0
0
0
0
0
0
0
0
0
0
0
0
0
0
0
0
0
0
0
0
0
0
0
0
0
0
0
0
0
0
0
0
0
0
0
0
0
0
0
0
0
0
0
1
0
0
0
0
0
0
0
0
0
0
0
0
0
0
0
0
0
0
0
0
0
0
0
0
0
0
0
0
0
0
0
0
0
0
0
0
0
0
0
0
0
0
0
0
0
0
0
0
0
0
0
0
0
0
0
0
0
0
0
0
0
0
0
0
0
0
0
0
0
0
0
0
0
0
0
0
0
0
0
0
0
0
0
0
0
0
0
0
0
0
0
0
0
0
0
0
0
1
0
0
0
0
0
0
0
1
0
0
0
0
0
0
0
0
0
0
0
0
0
0
0
0
0
0
0
0
0
0
0
0
0
0
0
0
0
0
0
0
0
0
0
0
0
0
0
0
0
0
0
0
0
0
0
0
0
0
0
0
0
0
0
0
0
0
0
0
0
0
0
0
0
0
0
1
