
                     
                     
                     
                     
                     
                     
                     
                     
                     
                     
                     
                     
                     
                     
                     
                     
                     
                     
                     
                     
                     

                     
                     
                     
                     
                     
                     
                     
                     
                     
                     
                     
                     
                     
                     
                     
                     
                     
                     
                     
                     
                     

                     
                     
                     
                     
                     
                     
                     
                     
                     
                     
          0          
                     
                     
                     
                     
                     
                     
                     
                     
                     
                     

                     
                     
                     
                     
                     
                     
                     
                     
                     
         000         
         000         
         000         
                     
                     
                     
                     
                     
                     
                     
                     
                     

                     
                     
                     
                     
                     
                     
                     
                     
        00000        
        00000        
        00000        
        00000        
        00000        
                     
                     
                     
                     
                     
                     
                     
                     

                     
                     
                     
                     
                     
                     
                     
       0000000       
       0000000       
       0000000       
       0000000       
       0000000       
       0000000       
       0000000       
                     
                     
                     
                     
                     
                     
                     

                     
                     
                     
                     
                     
                     
      000000000      
      000000000      
      000000000      
      000000000      
      000000000      
      000000000      
      000000003      
      000000000      
      000000000      
                     
                     
                     
                     
                     
                     

                     
                     
                     
                     
                     
     00000000000     
     00003000000     
     00000000000     
     00000000000     
     00000000010     
     00000000000     
     00010000010     
     00000000030     
     20000000000     
     00000000000     
     00000000000     
                     
                     
                     
                     
                     

                     
                     
                     
                     
    0000001000000    
    0000000000010    
    0010000000000    
    0001002000001    
    0000000000000    
    0010100000100    
    0000010000000    
    0000300003310    
    0002010000300    
    0300000000000    
    0000000000000    
    0000000000000    
    0000013020000    
                     
                     
                     
                     

                     
                     
                     
   000000302000000   
   010000130000010   
   000230010000100   
   000100100000100   
   100100031012030   
   001030000101001   
   300212101100000   
   300310301020020   
   001113120033010   
   000130010013000   
   103000001001010   
   120001001000130   
   003000001010000   
   000020030100000   
   000030002000000   
                     
                     
                     

                     
                     
  00000231030200000  
  00002003410200000  
  00000012310203300  
  00003333001212200  
  01303101330001100  
  03100300330330320  
  40032410000030130  
  13202011032001200  
  03213113030301303  
  02000131010331000  
  12002330301130013  
  33330202130010033  
  01300001310011310  
  01311110202221010  
  00000202313220000  
  00002303201000000  
  00003132000110000  
                     
                     

                     
 0001003331310000000 
 0001033330333001100 
 0000031233313001000 
 0010210313322131100 
 0030134433133030300 
 0033232233301133102 
 3033304113323333313 
 3331333313030333300 
 1133111133330233100 
 3333631331313133133 
 0232131330103332120 
 3341133003132332133 
 2333320030321331431 
 0213303223313313331 
 0233311111433330121 
 0010323033332311300 
 0000043033331331000 
 0001033331333330000 
 0000003331302010000 
                     

000000133333331000000
033333333333333333330
033334333333333343330
033333333333344333330
033333333433333333330
033335433333333333330
133333333333333333332
233333333333334333331
333333333333333333333
333333333333333333333
333333333333333333333
433343333333333333333
233333333333333433343
033333333333433333333
233333333333433333330
033333343333333333330
033333333333333334330
033333333333333333330
033343333333333333330
033333343333433333350
000100123333312000000
 
Total grains in the pile: 2278
