0
2474
5846
5108
11683
19155
44104
111505
140491
139242
203562
12367
13092
11242
10785
10039
9679
9348
9152
9020
8647
8271
7925
7669
7394
6963
6808
6448
6131
5971
5700
5590
5198
5138
4756
4505
4232
4160
3927
3735
3457
3357
3183
3042
2867
2770
2599
2478
2437
2243
2141
2020
1985
1772
1760
1653
1644
1495
1415
1369
1376
1285
1227
1128
1106
998
1075
1040
907
906
873
812
793
795
700
722
714
671
622
599
631
606
526
522
540
499
522
505
475
464
505
475
473
441
443
418
409
411
370
381
350
356
348
356
335
339
341
339
315
328
301
299
281
274
281
295
302
251
262
240
268
267
262
234
229
245
248
249
240
226
219
205
201
205
234
182
198
171
206
158
197
184
199
181
185
178
179
163
177
161
161
166
149
157
139
150
129
145
153
133
149
178
138
126
141
123
146
113
143
133
142
106
125
129
129
129
114
118
116
124
123
115
117
104
121
122
97
95
97
99
105
96
87
103
80
94
93
82
107
84
97
108
97
91
98
118
73
84
70
73
89
102
86
95
72
76
70
81
76
70
74
69
56
64
71
87
86
71
70
61
55
74
79
61
69
63
49
52
66
86
61
62
65
53
64
54
52
51
66
54
41
60
55
62
57
52
48
66
45
60
46
48
51
53
46
34
48
43
39
40
44
49
50
42
41
36
54
42
51
52
35
36
39
30
57
41
33
35
43
41
38
48
37
44
40
37
51
27
43
51
38
33
35
40
40
36
36
35
34
43
30
33
29
34
45
39
25
28
39
28
34
35
28
29
25
22
25
27
30
26
36
25
28
28
32
16
21
22
16
18
29
34
28
25
34
21
14
27
26
25
22
30
28
24
21
22
14
19
17
29
33
24
25
15
21
20
18
22
28
23
20
21
19
12
18
24
24
16
12
18
21
16
17
22
19
17
18
19
19
20
21
16
12
25
15
14
14
22
13
8
27
11
20
14
20
16
19
17
21
18
24
13
12
17
13
16
11
8
14
14
16
16
12
10
12
13
9
9
9
11
16
8
13
9
10
11
12
8
14
13
5
10
10
16
7
4
12
9
11
8
13
12
18
12
15
16
14
8
8
8
8
7
11
9
12
9
12
6
13
10
18
5
10
9
16
7
11
11
7
7
8
4
10
8
10
10
3
8
11
6
5
11
4
9
14
17
9
11
10
6
4
5
9
10
13
9
10
10
10
4
14
6
4
11
4
6
8
8
9
11
8
10
7
13
1
6
5
12
8
5
5
9
10
8
5
7
7
6
9
9
10
10
8
7
7
7
7
4
3
5
6
8
4
3
8
3
6
6
2
7
4
3
4
2
8
3
5
5
3
3
6
6
3
2
7
6
5
4
3
8
6
10
4
2
4
7
2
2
5
5
8
8
5
1
5
3
2
6
3
1
6
2
4
2
3
3
3
3
1
5
3
3
2
8
1
3
2
6
7
2
3
3
5
4
1
1
1
9
4
1
1
2
5
2
3
2
2
4
2
2
2
4
1
1
4
1
0
4
5
5
4
3
3
1
3
5
3
3
3
4
2
0
4
3
3
3
1
2
4
3
2
2
5
2
6
2
3
2
2
1
3
1
1
2
2
2
1
2
1
0
3
2
1
3
1
2
1
3
1
2
1
1
2
3
2
2
1
1
4
1
3
1
0
1
3
3
2
3
2
1
3
1
0
4
1
4
2
0
1
2
1
1
2
1
2
0
1
0
3
0
1
2
3
0
1
2
3
0
1
2
2
1
2
2
1
3
0
3
2
3
1
1
0
0
2
0
0
1
2
4
0
0
1
1
0
0
3
2
1
0
1
0
1
2
0
0
1
2
1
2
1
1
1
2
0
0
1
2
1
1
2
1
1
0
1
2
1
0
1
2
2
0
1
0
1
0
0
1
1
1
2
1
0
1
1
2
0
0
0
0
2
1
1
0
1
0
1
3
0
3
0
2
2
2
1
0
0
0
0
0
0
0
0
0
1
0
0
1
1
0
0
2
0
3
0
1
0
1
1
1
2
0
1
1
0
1
1
1
1
1
0
0
0
0
1
0
0
0
2
0
2
0
0
0
0
0
1
2
1
2
1
0
0
1
0
0
1
0
0
0
0
1
0
0
0
0
2
0
1
0
0
0
0
0
0
0
0
0
0
1
0
1
3
1
0
0
0
1
0
0
2
0
1
2
0
1
0
0
0
0
1
2
0
0
1
0
0
0
0
0
0
0
0
0
1
0
0
0
1
0
0
1
0
1
0
0
0
0
1
0
0
0
0
0
0
0
0
0
0
0
0
0
0
1
0
0
1
0
0
0
0
0
0
0
0
1
1
0
1
0
0
0
0
0
0
0
1
0
0
0
1
0
0
1
0
1
0
0
0
0
1
0
0
0
0
0
1
2
0
1
0
0
0
0
0
0
0
0
2
0
0
0
1
0
0
0
0
0
0
0
1
0
0
1
0
0
0
0
0
0
0
0
0
0
0
0
0
0
0
0
0
0
0
0
0
0
0
0
0
0
1
0
0
0
0
0
1
0
0
0
1
0
0
0
0
0
0
0
0
0
0
0
1
0
0
0
0
0
0
0
0
0
0
0
1
0
0
0
0
0
0
0
0
0
0
0
0
0
0
0
0
0
0
0
0
0
0
0
0
0
0
0
0
0
0
0
1
0
0
0
0
0
0
0
0
0
0
0
0
0
0
0
0
0
0
0
0
0
0
0
0
0
0
0
0
0
0
0
0
0
0
0
0
0
0
0
0
0
0
0
0
0
0
0
0
0
0
0
0
0
0
0
0
0
0
0
0
0
0
0
0
1
0
0
0
0
0
0
0
0
0
0
0
0
0
0
0
0
0
0
0
0
0
0
0
0
0
0
0
0
0
0
0
1
0
0
0
0
0
0
0
0
0
0
0
1
0
0
0
0
0
0
0
0
1
0
0
0
0
0
0
0
1
0
0
0
0
0
0
0
0
1
0
0
0
0
0
0
0
0
0
0
0
0
0
0
0
0
0
0
0
0
0
0
0
0
0
0
1
0
0
0
0
0
0
0
0
0
0
0
0
0
0
0
0
0
0
0
0
0
0
0
0
0
0
0
0
0
0
0
0
0
0
0
0
0
0
0
0
0
0
0
0
0
0
0
0
0
0
0
1
0
0
0
0
0
0
0
0
0
0
1
0
0
0
0
0
0
0
0
0
0
0
0
0
0
0
0
0
0
0
0
0
0
0
0
0
0
0
0
0
0
0
0
0
0
0
0
0
0
0
0
0
0
0
0
1
0
0
0
0
0
0
0
0
0
0
0
0
0
0
0
0
0
0
0
0
0
0
0
0
0
0
0
0
0
0
0
0
0
0
0
0
0
0
0
0
1
0
0
0
0
0
0
0
0
0
0
0
0
0
1
0
0
0
0
0
0
0
0
0
0
0
0
0
0
0
0
0
0
0
0
0
0
0
0
0
0
0
0
0
0
0
0
0
0
0
0
0
0
0
0
0
0
0
0
0
0
0
0
0
0
0
0
0
0
0
0
0
0
0
0
0
0
0
0
0
0
0
0
0
0
0
0
0
0
0
0
0
0
0
0
0
0
0
0
0
0
0
0
0
0
0
0
0
0
0
0
0
0
0
0
0
0
0
0
0
0
0
0
0
0
0
0
0
0
0
0
0
0
0
0
0
0
0
0
0
0
0
0
0
0
0
0
0
0
0
0
0
0
0
0
0
0
0
0
0
0
0
0
0
0
0
0
0
0
0
0
0
0
0
0
0
0
0
0
0
0
0
0
0
0
0
0
0
0
0
0
0
0
0
0
0
0
0
0
0
0
0
0
0
0
0
0
0
0
0
0
0
0
0
0
0
0
0
0
0
0
0
0
0
0
0
0
0
0
0
0
0
0
0
0
0
0
0
0
0
0
0
0
0
0
0
0
0
0
0
0
0
0
0
0
0
0
0
0
0
0
0
0
0
0
0
0
0
0
0
0
0
0
0
0
0
0
0
0
0
0
0
0
0
0
0
0
0
0
0
0
0
0
0
0
0
0
0
0
0
0
0
0
0
0
0
0
0
0
0
0
0
0
0
0
0
0
0
0
0
0
0
0
0
0
0
0
0
0
0
0
0
0
0
0
0
0
0
0
0
0
0
0
0
0
0
0
0
0
0
0
0
0
0
0
0
0
0
0
0
0
0
0
0
0
0
0
0
0
0
0
0
0
0
0
0
0
0
0
0
0
0
0
0
0
0
0
0
0
0
0
0
0
0
0
0
0
0
0
0
0
0
0
0
0
0
0
0
0
0
0
0
0
0
0
0
0
0
0
0
0
0
0
0
0
0
0
0
0
0
0
0
0
0
0
0
0
0
0
0
0
0
0
0
0
0
0
0
0
0
0
0
0
0
0
0
0
0
0
0
0
0
0
0
0
0
0
0
0
0
0
0
0
0
0
0
0
0
0
0
0
0
0
0
0
0
0
0
0
0
0
0
0
0
0
0
0
0
0
0
0
0
0
0
0
0
0
0
0
0
0
0
0
0
0
0
0
0
0
0
0
0
0
0
0
0
0
0
0
0
0
0
0
0
0
0
0
0
0
0
0
0
0
0
0
0
0
0
0
0
0
0
0
0
0
0
0
0
0
0
0
0
0
0
0
0
0
0
0
0
0
0
0
0
0
0
0
0
0
0
0
0
0
0
0
0
0
0
0
0
0
0
0
0
0
0
0
0
0
0
0
0
0
0
0
0
0
0
0
0
0
0
0
0
0
0
0
0
0
0
0
0
0
0
0
0
0
0
0
0
0
0
0
0
0
0
0
0
0
0
0
0
0
0
0
0
0
0
0
0
0
0
0
0
0
0
0
0
0
0
0
0
0
0
0
0
0
0
0
0
0
0
0
0
0
0
0
0
0
0
0
0
0
0
0
0
0
0
0
0
0
0
0
0
0
0
0
0
0
0
0
0
0
0
0
0
0
0
0
0
0
0
0
0
0
0
0
0
0
0
0
0
0
0
0
0
0
0
0
0
0
0
0
0
0
0
0
0
0
0
0
0
0
0
0
0
0
0
0
0
0
0
0
0
0
0
0
0
0
0
0
0
0
0
0
0
0
0
0
0
0
0
0
0
0
0
0
0
0
0
0
0
0
0
0
0
0
0
0
0
0
0
0
0
0
0
0
0
0
0
0
0
0
0
0
0
0
0
0
0
0
0
0
0
0
0
0
0
0
0
0
0
0
0
0
0
0
0
0
0
0
0
0
0
0
0
0
0
0
0
0
0
0
0
0
0
0
0
0
0
0
0
0
0
0
0
0
0
0
0
0
0
0
0
0
0
0
0
0
0
0
1
