
                                         
                                         
                                         
                                         
                                         
                                         
                                         
                                         
                                         
                                         
                                         
                                         
                                         
                                         
                                         
                                         
                                         
                                         
                                         
                                         
                                         
                                         
                                         
                                         
                                         
                                         
                                         
                                         
                                         
                                         
                                         
                                         
                                         
                                         
                                         
                                         
                                         
                                         
                                         
                                         
                                         

                                         
                                         
                                         
                                         
                                         
                                         
                                         
                                         
                                         
                                         
                                         
                                         
                                         
                                         
                                         
                                         
                                         
                                         
                                         
                                         
                                         
                                         
                                         
                                         
                                         
                                         
                                         
                                         
                                         
                                         
                                         
                                         
                                         
                                         
                                         
                                         
                                         
                                         
                                         
                                         
                                         

                                         
                                         
                                         
                                         
                                         
                                         
                                         
                                         
                                         
                                         
                                         
                                         
                                         
                                         
                                         
                                         
                                         
                                         
                                         
                                         
                                         
                                         
                                         
                                         
                                         
                                         
                                         
                                         
                                         
                                         
                                         
                                         
                                         
                                         
                                         
                                         
                                         
                                         
                                         
                                         
                                         

                                         
                                         
                                         
                                         
                                         
                                         
                                         
                                         
                                         
                                         
                                         
                                         
                                         
                                         
                                         
                                         
                                         
                                         
                                         
                                         
                                         
                                         
                                         
                                         
                                         
                                         
                                         
                                         
                                         
                                         
                                         
                                         
                                         
                                         
                                         
                                         
                                         
                                         
                                         
                                         
                                         

                                         
                                         
                                         
                                         
                                         
                                         
                                         
                                         
                                         
                                         
                                         
                                         
                                         
                                         
                                         
                                         
                                         
                                         
                                         
                                         
                                         
                                         
                                         
                                         
                                         
                                         
                                         
                                         
                                         
                                         
                                         
                                         
                                         
                                         
                                         
                                         
                                         
                                         
                                         
                                         
                                         

                                         
                                         
                                         
                                         
                                         
                                         
                                         
                                         
                                         
                                         
                                         
                                         
                                         
                                         
                                         
                                         
                                         
                                         
                                         
                                         
                                         
                                         
                                         
                                         
                                         
                                         
                                         
                                         
                                         
                                         
                                         
                                         
                                         
                                         
                                         
                                         
                                         
                                         
                                         
                                         
                                         

                                         
                                         
                                         
                                         
                                         
                                         
                                         
                                         
                                         
                                         
                                         
                                         
                                         
                                         
                                         
                                         
                                         
                                         
                                         
                                         
                                         
                                         
                                         
                                         
                                         
                                         
                                         
                                         
                                         
                                         
                                         
                                         
                                         
                                         
                                         
                                         
                                         
                                         
                                         
                                         
                                         

                                         
                                         
                                         
                                         
                                         
                                         
                                         
                                         
                                         
                                         
                                         
                                         
                                         
                                         
                                         
                                         
                                         
                                         
                                         
                                         
                                         
                                         
                                         
                                         
                                         
                                         
                                         
                                         
                                         
                                         
                                         
                                         
                                         
                                         
                                         
                                         
                                         
                                         
                                         
                                         
                                         

                                         
                                         
                                         
                                         
                                         
                                         
                                         
                                         
                                         
                                         
                                         
                                         
                                         
                                         
                                         
                                         
                                         
                                         
                                         
                                         
                                         
                                         
                                         
                                         
                                         
                                         
                                         
                                         
                                         
                                         
                                         
                                         
                                         
                                         
                                         
                                         
                                         
                                         
                                         
                                         
                                         

                                         
                                         
                                         
                                         
                                         
                                         
                                         
                                         
                                         
                                         
                                         
                                         
                                         
                                         
                                         
                                         
                                         
                                         
                                         
                                         
                                         
                                         
                                         
                                         
                                         
                                         
                                         
                                         
                                         
                                         
                                         
                                         
                                         
                                         
                                         
                                         
                                         
                                         
                                         
                                         
                                         

                                         
                                         
                                         
                                         
                                         
                                         
                                         
                                         
                                         
                                         
                                         
                                         
                                         
                                         
                                         
                                         
                                         
                                         
                                         
                                         
                                         
                                         
                                         
                                         
                                         
                                         
                                         
                                         
                                         
                                         
                                         
                                         
                                         
                                         
                                         
                                         
                                         
                                         
                                         
                                         
                                         

                                         
                                         
                                         
                                         
                                         
                                         
                                         
                                         
                                         
                                         
                                         
                                         
                                         
                                         
                                         
                                         
                                         
                                         
                                         
                                         
                    2                    
                                         
                                         
                                         
                                         
                                         
                                         
                                         
                                         
                                         
                                         
                                         
                                         
                                         
                                         
                                         
                                         
                                         
                                         
                                         
                                         

                                         
                                         
                                         
                                         
                                         
                                         
                                         
                                         
                                         
                                         
                                         
                                         
                                         
                                         
                                         
                                         
                                         
                                         
                                         
                   445                   
                   441                   
                   422                   
                                         
                                         
                                         
                                         
                                         
                                         
                                         
                                         
                                         
                                         
                                         
                                         
                                         
                                         
                                         
                                         
                                         
                                         
                                         

                                         
                                         
                                         
                                         
                                         
                                         
                                         
                                         
                                         
                                         
                                         
                                         
                                         
                                         
                                         
                                         
                                         
                                         
                  21014                  
                  43120                  
                  14102                  
                  30441                  
                  41114                  
                                         
                                         
                                         
                                         
                                         
                                         
                                         
                                         
                                         
                                         
                                         
                                         
                                         
                                         
                                         
                                         
                                         
                                         

                                         
                                         
                                         
                                         
                                         
                                         
                                         
                                         
                                         
                                         
                                         
                                         
                                         
                                         
                                         
                                         
                                         
                 0114202                 
                 2001302                 
                 4343111                 
                 0130411                 
                 1041342                 
                 0134402                 
                 3122021                 
                                         
                                         
                                         
                                         
                                         
                                         
                                         
                                         
                                         
                                         
                                         
                                         
                                         
                                         
                                         
                                         
                                         

                                         
                                         
                                         
                                         
                                         
                                         
                                         
                                         
                                         
                                         
                                         
                                         
                                         
                                         
                                         
                                         
                101010011                
                020442414                
                124444021                
                221140210                
                211344112                
                021244134                
                221444012                
                112221002                
                014430412                
                                         
                                         
                                         
                                         
                                         
                                         
                                         
                                         
                                         
                                         
                                         
                                         
                                         
                                         
                                         
                                         

                                         
                                         
                                         
                                         
                                         
                                         
                                         
                                         
                                         
                                         
                                         
                                         
                                         
                                         
                                         
               01112102310               
               10004004311               
               21024000021               
               30024400400               
               11440114112               
               10400342110               
               01145434223               
               02340100201               
               10004401010               
               10021341220               
               02104012220               
                                         
                                         
                                         
                                         
                                         
                                         
                                         
                                         
                                         
                                         
                                         
                                         
                                         
                                         
                                         

                                         
                                         
                                         
                                         
                                         
                                         
                                         
                                         
                                         
                                         
                                         
                                         
                                         
                                         
              0011045010000              
              0000014030000              
              1202311222110              
              1021221010231              
              0322000420102              
              3011412302120              
              3111015410020              
              0121341202100              
              1212152101003              
              1104100200030              
              1000101124210              
              0130102130110              
              0012221011000              
                                         
                                         
                                         
                                         
                                         
                                         
                                         
                                         
                                         
                                         
                                         
                                         
                                         
                                         

                                         
                                         
                                         
                                         
                                         
                                         
                                         
                                         
                                         
                                         
                                         
                                         
                                         
             000000201110000             
             000123120011000             
             011330000001000             
             011041321340130             
             102140244120111             
             011244421011130             
             143104241200212             
             131021210011401             
             031220314120442             
             030014121011002             
             001120011410421             
             000101114012300             
             002301014340011             
             000143021022000             
             000003200100000             
                                         
                                         
                                         
                                         
                                         
                                         
                                         
                                         
                                         
                                         
                                         
                                         
                                         

                                         
                                         
                                         
                                         
                                         
                                         
                                         
                                         
                                         
                                         
                                         
                                         
            00000001020000000            
            00001141200100100            
            00011111200300000            
            00011114212130000            
            00132225340200100            
            01402241411011200            
            01100012441431120            
            11134011130010000            
            04000123020110100            
            00241213410101022            
            01210211111000400            
            01302011404002110            
            01141242203011100            
            00140412121201110            
            00011211413312000            
            00001012000000000            
            00000110000000000            
                                         
                                         
                                         
                                         
                                         
                                         
                                         
                                         
                                         
                                         
                                         
                                         

                                         
                                         
                                         
                                         
                                         
                                         
                                         
                                         
                                         
                                         
                                         
           0000000000000000000           
           0000000010111000000           
           0000011423101000000           
           0000142201011100000           
           0001110651321023000           
           0001412224010142010           
           0012111210022004110           
           0021103410010004011           
           0110400001310110120           
           0101011042221003130           
           0012101132101303010           
           0101004311421312120           
           0010201044024040200           
           0002110004312102000           
           0002100140301000100           
           0011110424311201000           
           0000000222040100000           
           0000000120311000000           
           0000000000001000000           
                                         
                                         
                                         
                                         
                                         
                                         
                                         
                                         
                                         
                                         
                                         

                                         
                                         
                                         
                                         
                                         
                                         
                                         
                                         
                                         
                                         
          000000000000000000000          
          000000000000000000000          
          000000001140210000000          
          000010001121100010000          
          000020013021000100000          
          000114110143144120000          
          001110101134003221010          
          000120041240021010100          
          003002213441201100110          
          010410342424442220110          
          010112043411212012300          
          001120112043221210000          
          013012400213223103000          
          001244411010224301010          
          001020012100040311100          
          000010123100012100000          
          000000101010300000000          
          000001010023030110000          
          000000001123110000000          
          000000000100010000000          
          000000000000000000000          
                                         
                                         
                                         
                                         
                                         
                                         
                                         
                                         
                                         
                                         

                                         
                                         
                                         
                                         
                                         
                                         
                                         
                                         
                                         
         00000000000000000000000         
         00000000000000000000000         
         00000000101100000000000         
         00000000100111110100000         
         00000040100401110000000         
         00000111140121411200000         
         00021010110040012110000         
         00001202401212401411000         
         00013201242003112120000         
         00103012101141303110100         
         00110131040302442222100         
         01041211123404210002110         
         00000121200333132301000         
         00043010041114121210000         
         00004133000142230444000         
         00021021210001141422000         
         00001212001221204020000         
         00000211020203400410000         
         00001130010002014110000         
         00000010202300401100000         
         00000000000110010000000         
         00000000000000000000000         
         00000000000000000000000         
                                         
                                         
                                         
                                         
                                         
                                         
                                         
                                         
                                         

                                         
                                         
                                         
                                         
                                         
                                         
                                         
                                         
        0000000000000000000000000        
        0000000000000000000000000        
        0000000000000000000000000        
        0000000002031201000000000        
        0000000211001041010000000        
        0000000111202240210000000        
        0000003442123220231200000        
        0001010011232212121000000        
        0000021032311420214200000        
        0000020044151133111140000        
        0000201111011410122110000        
        0002440131220043202322200        
        0002022140022004400011100        
        0000131240120120411041000        
        0000200410421003124250000        
        0001101311020400114021000        
        0000011200044021431110000        
        0000020111013014002000000        
        0000102411100020121000000        
        0000010120112440204000000        
        0000000001211131300000000        
        0000000000210012110000000        
        0000000010000000000000000        
        0000000000000000000000000        
        0000000000000000000000000        
                                         
                                         
                                         
                                         
                                         
                                         
                                         
                                         

                                         
                                         
                                         
                                         
                                         
                                         
                                         
       000000000000000000000000000       
       000000000000000000000000000       
       000000000000000000000000000       
       000000000000201100000000000       
       000000000102130020000000000       
       000000011221111200220000000       
       000000110211142033000000000       
       000000300100230042421000000       
       000002304411032001131010000       
       000012110001031112023111000       
       000000201011102300105120000       
       000001220240200140402022000       
       000010130241112000512100000       
       000040114020111243020110000       
       000120302310110302120120000       
       000121130311401340402211000       
       000020100422141141201000000       
       000000110113131001030000000       
       000000001320104410112200000       
       000000011124210022201100000       
       000000022200122102410000000       
       000000011102120130210000000       
       000000000010142101000000000       
       000000000011111000000000000       
       000000000000000010000000000       
       000000000000000000000000000       
       000000000000000000000000000       
                                         
                                         
                                         
                                         
                                         
                                         
                                         

                                         
                                         
                                         
                                         
                                         
                                         
      00000000000000000000000000000      
      00000000000000000000000000000      
      00000000000000000000000000000      
      00000000000000000000000000000      
      00000000000011001001000000000      
      00000000000110123001000000000      
      00000000110102400112100000000      
      00000000040112200320010000000      
      00000001104230042140401000000      
      00000031214444100244421000000      
      00000100221103421021200100000      
      00000030541411142131541100000      
      00000410111203030320131220000      
      00000011112141020101111020000      
      00000100144400102214001120000      
      00001020001014132204420400000      
      00000012011423024042300200000      
      00000423234140140404121100000      
      00000211324110042101111110000      
      00000002111401120003300110000      
      00000001141124102212030010000      
      00000010410011041010140000000      
      00000001032431021101000000000      
      00000000011104021100000000000      
      00000000001020101100000000000      
      00000000000000000000000000000      
      00000000000000000000000000000      
      00000000000000000000000000000      
      00000000000000000000000000000      
                                         
                                         
                                         
                                         
                                         
                                         

                                         
                                         
                                         
                                         
                                         
     0000000000000000000000000000000     
     0000000000000000000000000000000     
     0000000000000000000000000000000     
     0000000000000000000000000000000     
     0000000000000000001000000000000     
     0000000001001010011100000000000     
     0000000000001040342130000000000     
     0000000000224120002001010000000     
     0000000011041110241444401000000     
     0000000021004111322204110100000     
     0000000042400220253401100000000     
     0000101100220300200403421000000     
     0000011044411414234244210000000     
     0000012441441300124111104110000     
     0000002402140000032024200000000     
     0000100001104201304314220200000     
     0000110341141021222240112100000     
     0000002112032120314104001000000     
     0000001401104103224212114000000     
     0000001001200114131020342000000     
     0000000140404124301044120000000     
     0000000034400031241022100000000     
     0000000141000344021042310000000     
     0000000012031420023400200000000     
     0000000000021130301320100000000     
     0000000000030040021000000000000     
     0000000000000000000000000000000     
     0000000000000000000000000000000     
     0000000000000000000000000000000     
     0000000000000000000000000000000     
     0000000000000000000000000000000     
                                         
                                         
                                         
                                         
                                         

                                         
                                         
                                         
                                         
    000000000000000000000000000000000    
    000000000000000000000000000000000    
    000000000000000000000000000000000    
    000000000000000000000000000000000    
    000000000000000000000000000000000    
    000000000000000000110000000000000    
    000000000000001100101000000000000    
    000000001002101430201000000000000    
    000000000000020422100000000000000    
    000000011034304014203410100000000    
    000000011314302350213021100000000    
    000000000320124124013010200000000    
    000000022001442042040240300000000    
    000001000111441134412021141000000    
    000000101403410011114101140000000    
    000000211421204040151404200100000    
    000000100242001100102104011000000    
    000000000101001004044121142000000    
    000000112441202314104141320000000    
    000000204014102040104220213000000    
    000000002131144442002010010000000    
    000000001323140214212422210000000    
    000000001131121202310100111000000    
    000000001122140040410201001000000    
    000000001010212112010032000000000    
    000000000001014120445000000000000    
    000000000000201122211110000000000    
    000000000000001011000000000000000    
    000000000000000000000000000000000    
    000000000000000000000000000000000    
    000000000000000000000000000000000    
    000000000000000000000000000000000    
    000000000000000000000000000000000    
                                         
                                         
                                         
                                         

                                         
                                         
                                         
   00000000000000000000000000000000000   
   00000000000000000000000000000000000   
   00000000000000000000000000000000000   
   00000000000000000000000000000000000   
   00000000000000000000000000000000000   
   00000000000000000000000000000000000   
   00000000000001000110000000000000000   
   00000000000021003235110000000000000   
   00000000100011122010141000000000000   
   00000000002101202422411210000000000   
   00000000023040240441204130000000000   
   00000001000220011324112243001000000   
   00000002210121012101121434110000000   
   00000000140120314434411311000000000   
   00000000140204240042444000020000000   
   00000001442443014404110001400000000   
   00000001401120114114214314002000000   
   00000000422201210030602104120000000   
   00000000013010100443034110000000000   
   00000012301011441421420012121000000   
   00000000041104012122244100210000000   
   00000000042201210342120020211000000   
   00000000022423144010444216100000000   
   00000000020101311011111400400000000   
   00000000002400134122001302200000000   
   00000000011404304404111301000000000   
   00000000000120030042011000000000000   
   00000000000000000111410000000000000   
   00000000000000000101000000000000000   
   00000000000000000000000000000000000   
   00000000000000000000000000000000000   
   00000000000000000000000000000000000   
   00000000000000000000000000000000000   
   00000000000000000000000000000000000   
   00000000000000000000000000000000000   
                                         
                                         
                                         

                                         
                                         
  0000000000000000000000000000000000000  
  0000000000000000000000000000000000000  
  0000000000000000000000000000000000000  
  0000000000000000000000000000000000000  
  0000000000000000000000000000000000000  
  0000000000000000000000000000000000000  
  0000000000000000000000000000000000000  
  0000000000000010100010000000000000000  
  0000000000000011013141010000000000000  
  0000000000003012142044342000000000000  
  0000000000011040240140204110000000000  
  0000000000421411414242021110000000000  
  0000000001222120044042434401000000000  
  0000000003301434141454111011000000000  
  0000000004024214531103200222000000000  
  0000000044141414443210321444110000000  
  0000000001411014104111010133110000000  
  0000000004125110004012402144100000000  
  0000000001240004414114221124011000000  
  0000000154033034012014111120420000000  
  0000000041432434442314311440110000000  
  0000000133150414411112440013300000000  
  0000000013102102114341131400100000000  
  0000000012410414421202133221000000000  
  0000000001440124101442114010100000000  
  0000000000014434120103041410000000000  
  0000000000014541412104411200000000000  
  0000000000001323113010412000000000000  
  0000000000000021104103100000000000000  
  0000000000000000001200000000000000000  
  0000000000000000101000000000000000000  
  0000000000000000000000000000000000000  
  0000000000000000000000000000000000000  
  0000000000000000000000000000000000000  
  0000000000000000000000000000000000000  
  0000000000000000000000000000000000000  
  0000000000000000000000000000000000000  
                                         
                                         

                                         
 000000000000000000000000000000000000000 
 000000000000000000000000000000000000000 
 000000000000000000000000000000000000000 
 000000000000000000000000000000000000000 
 000000000000000000000000000000000000000 
 000000000000000000000000000000000000000 
 000000000000000000000000000000000000000 
 000000000000000001001000000000000000000 
 000000000000001012401001200000000000000 
 000000000000002111202012100000000000000 
 000000000000104340042041441000000000000 
 000000000100111410410440400010000000000 
 000000000114341244142244440100000000000 
 000000000000400140424214110121000000000 
 000000000252222421001422140412000000000 
 000000000100113441124220203102100000000 
 000000000120344314124442443220000000000 
 000000001251124012340444442124000000000 
 000000001413401344541144434041200000000 
 000000101044441304214300211022400000000 
 000000000142144041434444144424010000000 
 000000000100442041101121122052000000000 
 000000000240423412241441044122000000000 
 000000000144240144401444112302000000000 
 000000000031303432441042120101100000000 
 000000000010204501434012003420000000000 
 000000000001403044121011111320000000000 
 000000000010042114144044210000000000000 
 000000000000001000444313410000000000000 
 000000000000010234100211200000000000000 
 000000000000000110210000000000000000000 
 000000000000000001010000100000000000000 
 000000000000000000010000000000000000000 
 000000000000000000000000000000000000000 
 000000000000000000000000000000000000000 
 000000000000000000000000000000000000000 
 000000000000000000000000000000000000000 
 000000000000000000000000000000000000000 
 000000000000000000000000000000000000000 
                                         

00000000000000000000000000000000000000000
00000000000000000000000000000000000000000
00000000000000000000000000000000000000000
00000000000000000000000000000000000000000
00000000000000000021100010000000000000000
00000000000000010244324410000000000000000
00000000000001044444444444100000000000000
00000000000043444444444444420000000000000
00000000000114444444554444442410000000000
00000000024444444444454444444422000000000
00000000104445444444444544444443200000000
00000001444444445454444444444464310000000
00000014444454444444444454445464420000000
00000004444444444444444444444444441000000
00000224445444444445444444444444441000000
00000044444444444544454444444444444000000
00000144644444444444544444444444543200000
00000344444444444444444444444454444100000
00000444444554445444444444444444444410000
00000344454444444444444444444454544100000
00001144544444444445444444444444444100000
00000344444444444444444444444444444400000
00000444444444544444444444454444444000000
00000344444544444444445444444445444200000
00002154444444444454444444444444444100000
00000035444444444444444444444444454000000
00000044444544444444444444444444440100000
00000014444444544444444444444444420010000
00000011444444544444454444444544300000000
00000000144444444444444444444444500000000
00000000144444454544444444454441400000000
00000000004414445454444445544420000000000
00000000020244444445444444453420000000000
00000000000002444444444444443000000000000
00000000000004044444444444122000000000000
00000000000001021222332101000000000000000
00000000000000011000000000000000000000000
00000000000000000000000000000000000000000
00000000000000000000000000000000000000000
00000000000000000000000000000000000000000
00000000000000000000000000000000000000000
 
Total grains in the pile: 9886
