0
0
0
0
0
0
0
0
0
0
4213
3866
9403
8412
5693
5056
4666
4819
4582
5479
4932
3443
2505
2440
2256
1993
2936
2643
2102
4173
677
544
464
430
398
290
315
296
291
272
247
240
256
229
232
204
176
204
176
155
154
156
146
169
109
123
111
113
105
136
109
110
87
99
104
92
81
70
62
86
70
57
74
59
60
61
53
45
58
56
58
52
48
48
43
41
48
42
44
41
35
48
33
52
29
31
38
31
31
23
32
28
27
27
23
27
23
33
27
35
32
26
18
34
33
31
27
22
25
22
20
27
27
16
22
13
16
18
18
23
24
16
27
20
22
12
16
17
21
14
22
12
6
15
13
11
24
16
16
17
15
23
20
11
18
19
21
14
10
15
19
13
18
18
20
12
13
16
19
14
13
12
15
9
19
9
13
11
13
10
6
14
13
15
15
7
15
13
20
14
17
10
15
12
6
18
16
7
8
14
15
10
10
10
14
10
11
9
9
14
11
12
9
9
10
8
3
16
15
14
15
9
11
9
6
11
9
12
1
6
7
7
7
14
10
8
4
15
10
9
8
9
9
9
10
5
8
8
6
11
7
7
13
19
10
8
6
7
5
7
5
9
8
8
9
7
3
5
11
3
4
4
8
8
11
7
4
7
7
5
4
5
9
8
11
5
6
5
5
6
6
6
4
3
4
6
10
6
4
8
7
10
1
8
5
5
4
4
8
4
3
4
6
6
7
5
10
2
7
9
5
4
3
1
9
8
3
6
7
1
5
4
4
4
9
8
5
7
6
3
4
3
9
6
1
6
2
5
6
8
5
10
3
8
6
7
6
10
5
8
2
1
2
6
5
4
3
5
6
2
5
1
5
4
5
10
5
3
4
10
6
5
2
8
7
6
6
7
1
6
4
4
5
5
0
4
1
3
5
8
9
1
2
6
2
5
3
5
3
5
1
4
0
6
1
5
10
2
6
4
4
6
7
6
5
5
4
1
2
3
4
3
7
4
7
3
4
4
3
3
6
4
2
3
7
2
3
4
4
7
6
6
1
6
5
6
1
2
5
2
5
3
2
1
1
3
1
1
0
2
3
2
2
4
4
4
3
3
1
3
4
3
7
6
7
4
4
3
3
1
2
4
2
3
5
3
5
2
3
2
1
3
3
1
4
4
7
1
2
1
1
3
2
5
3
5
2
1
5
0
1
2
2
2
5
6
3
3
3
3
2
3
1
2
4
3
4
0
4
2
2
3
0
4
3
1
4
3
2
2
3
1
1
3
2
3
2
2
0
1
9
2
4
4
2
1
1
2
2
1
2
3
6
3
1
4
4
0
2
0
2
4
3
0
0
1
2
3
2
4
3
2
2
2
3
2
1
2
2
2
4
4
2
5
3
0
2
3
6
0
0
4
3
2
1
0
2
3
2
0
5
3
3
3
1
2
1
4
2
5
1
1
0
3
2
2
3
3
2
2
1
1
3
1
2
2
2
0
4
4
0
1
5
1
3
2
3
2
1
1
1
0
4
2
3
3
0
0
2
1
2
3
2
3
2
4
3
2
2
3
1
1
1
0
1
3
2
1
2
1
4
0
2
2
4
3
0
1
1
6
0
2
1
1
0
5
2
0
2
2
3
0
1
0
1
1
3
1
1
3
0
3
1
0
4
1
2
5
0
0
2
1
3
1
1
1
2
0
3
2
2
0
1
2
2
1
1
2
1
0
1
2
0
1
0
1
0
1
1
0
3
3
0
3
1
0
1
1
1
1
0
2
2
2
2
1
1
1
0
0
3
2
2
3
1
1
0
0
2
0
2
1
0
1
0
1
3
1
1
1
2
1
4
0
2
0
1
1
0
0
1
1
1
2
0
1
1
3
3
3
1
1
1
3
1
1
0
1
2
1
0
3
0
1
2
1
1
2
2
1
1
0
0
0
2
1
1
1
1
1
3
0
1
1
0
2
0
2
1
0
1
0
0
1
1
0
1
2
0
0
1
2
1
1
2
2
4
0
0
0
0
1
0
3
2
2
0
2
3
0
1
0
1
0
3
0
2
1
1
2
3
0
1
1
0
2
2
1
1
0
0
0
0
0
2
1
3
1
0
2
3
2
1
2
1
1
0
3
0
0
2
1
1
1
3
0
2
1
2
1
1
2
1
0
0
0
2
0
0
3
1
0
1
1
1
0
0
1
0
1
1
0
0
1
2
0
2
0
0
0
0
1
1
0
2
1
1
2
0
0
2
0
1
2
0
0
1
0
1
1
0
2
0
2
0
0
0
0
3
0
1
0
1
0
0
0
0
2
0
2
0
1
2
1
1
0
0
0
0
1
0
0
1
2
0
1
0
1
0
1
0
1
1
0
1
1
0
3
1
1
0
1
1
2
0
1
0
0
1
1
1
1
1
0
1
0
3
1
2
3
0
0
0
1
0
1
0
0
0
1
0
2
0
2
1
1
0
0
1
0
0
1
0
1
1
1
1
2
1
1
1
1
0
0
2
0
0
0
4
0
0
0
2
0
0
1
2
0
2
0
0
0
0
1
1
0
1
0
0
1
0
0
1
0
2
1
0
0
2
0
0
0
0
0
0
0
1
0
0
0
1
0
1
1
0
0
1
1
0
0
1
2
0
0
0
0
0
0
0
0
0
1
1
1
0
0
1
1
2
0
0
1
1
0
1
1
0
0
1
0
0
0
0
0
0
1
0
0
1
0
0
1
1
0
1
1
2
0
0
0
0
2
0
0
0
0
1
2
0
2
0
0
0
0
0
0
0
0
0
1
0
2
0
0
0
2
0
0
1
0
0
0
0
0
1
0
0
1
0
0
0
0
0
1
0
0
0
0
0
0
1
0
0
0
1
0
1
3
0
0
0
0
2
1
0
0
0
0
0
0
1
0
2
0
0
0
0
1
1
0
1
0
1
0
0
1
1
1
1
0
0
0
1
0
0
0
0
0
0
1
0
1
0
1
1
0
0
0
0
0
1
0
1
0
1
0
0
1
0
0
1
0
2
0
0
1
1
1
0
1
0
2
0
2
0
0
0
0
0
1
0
0
1
1
1
0
1
0
1
0
0
0
0
0
1
2
1
0
0
1
1
0
0
0
2
0
0
0
0
0
1
0
1
0
0
0
1
0
0
0
0
1
0
0
1
0
0
0
0
0
0
1
2
1
0
0
0
0
1
0
0
1
2
0
0
0
0
0
0
0
0
1
0
0
0
0
0
1
0
0
0
0
0
1
0
0
0
0
1
1
0
1
0
0
0
1
0
0
0
1
0
0
0
0
0
0
0
0
0
0
0
0
1
0
0
1
0
0
0
1
0
0
0
0
0
1
0
0
1
0
0
0
0
0
0
0
0
2
0
0
0
1
0
0
0
0
0
0
0
0
0
0
0
0
0
0
0
0
0
0
0
0
1
0
0
0
0
0
0
0
0
1
0
0
1
0
1
0
0
0
0
0
0
0
0
0
0
0
0
0
0
0
1
0
1
1
0
0
1
0
1
0
0
2
0
0
1
0
0
0
0
0
0
0
0
0
0
0
0
0
0
0
2
0
0
0
0
0
0
0
0
0
0
1
1
1
2
0
1
0
0
0
0
0
0
0
0
0
0
0
0
0
1
0
0
1
0
0
0
0
0
0
0
0
0
0
0
0
0
0
0
0
0
0
0
0
0
0
0
0
0
0
0
0
1
0
0
0
0
0
0
0
1
0
0
1
2
0
0
0
0
0
0
0
0
0
1
0
0
1
1
1
0
0
1
0
0
0
0
0
1
0
0
0
0
2
0
0
0
1
0
0
1
0
0
1
0
0
1
0
0
0
0
1
0
0
1
0
0
0
0
1
0
0
0
0
0
0
0
0
0
0
0
0
0
0
1
1
0
0
0
1
0
0
0
0
1
0
0
0
0
0
0
0
0
1
0
1
0
0
0
0
1
0
0
0
0
0
0
0
0
0
0
0
0
0
0
1
0
0
0
0
0
0
0
0
1
0
1
0
0
0
0
0
0
0
0
0
0
0
0
0
0
0
0
1
0
0
0
0
0
0
0
0
0
0
0
1
0
0
0
0
0
1
0
0
0
0
0
0
0
0
0
0
1
0
0
0
0
0
0
0
0
0
0
0
0
0
0
0
0
0
0
0
0
0
0
0
0
1
0
0
0
0
0
1
0
0
0
0
0
0
0
0
0
0
0
0
1
0
0
0
0
0
0
0
0
0
0
0
0
0
0
0
0
0
0
0
1
0
0
0
0
0
0
0
0
0
0
0
0
0
0
0
0
0
1
1
0
0
0
0
0
1
0
0
1
0
0
0
0
0
0
0
0
0
0
0
0
0
0
0
0
1
0
0
1
0
0
0
0
0
0
0
2
0
0
0
0
0
0
0
0
0
0
0
0
1
0
0
0
1
1
0
0
1
1
0
0
0
0
1
0
0
1
0
0
0
1
0
0
0
0
1
0
0
0
0
0
0
1
0
0
0
0
0
1
0
0
0
0
0
0
1
0
0
0
0
0
0
0
0
0
0
0
0
0
0
0
0
0
0
0
0
0
0
0
0
0
0
0
0
0
0
0
0
1
0
0
0
0
0
0
0
0
0
0
0
0
0
0
0
0
0
0
0
0
0
0
0
0
0
0
0
0
0
0
0
0
0
0
0
0
1
0
0
0
0
0
0
0
0
0
0
0
0
0
0
0
1
1
0
0
0
0
0
0
0
0
0
1
0
0
0
0
0
0
0
0
0
1
0
0
0
0
0
0
0
0
0
0
0
0
0
0
0
0
0
0
0
0
0
0
1
0
0
0
1
0
0
1
0
0
0
0
0
0
1
0
0
0
0
0
0
0
0
0
0
0
0
0
0
0
0
0
0
0
0
0
0
0
0
1
0
0
0
0
0
0
0
0
0
0
0
0
0
0
0
0
0
0
0
0
0
0
0
0
0
0
0
1
0
0
0
0
0
0
0
0
0
0
1
0
0
0
0
0
0
0
0
0
0
0
0
1
0
0
0
0
0
0
0
0
0
0
1
0
0
0
0
0
0
0
0
1
1
0
0
0
0
0
0
0
0
0
0
0
0
0
0
0
0
0
0
0
0
0
0
1
0
0
0
0
0
0
1
0
0
0
0
1
0
0
1
0
0
0
0
0
0
0
0
0
0
0
0
0
0
0
0
0
0
0
0
0
0
0
0
0
1
0
0
0
0
0
0
0
0
0
0
0
0
0
0
0
0
0
0
0
0
0
0
0
0
0
0
0
0
0
0
0
0
0
0
0
0
0
0
0
0
0
0
0
0
0
0
0
0
0
0
0
0
0
0
0
0
0
0
0
0
0
0
0
1
0
0
0
1
0
0
0
0
0
0
0
0
0
0
0
0
0
0
0
0
0
0
0
0
0
0
0
0
0
0
0
0
0
0
0
0
0
0
0
0
0
0
0
0
0
0
1
0
0
0
0
0
0
0
0
0
1
0
1
0
0
0
0
0
0
0
0
0
0
0
0
0
0
0
0
0
0
0
0
0
0
0
0
0
0
0
0
0
0
0
0
0
0
0
0
0
0
0
0
0
0
1
0
0
0
0
0
0
1
0
0
0
0
0
1
0
0
0
0
0
0
0
0
0
0
0
0
0
0
0
0
0
0
0
0
0
0
0
0
0
0
0
0
0
0
0
0
0
0
0
0
0
0
0
0
0
0
0
0
0
1
0
0
0
0
0
0
0
0
0
1
1
0
0
1
0
0
1
0
0
0
0
0
0
0
0
0
0
0
0
0
0
0
0
0
0
0
0
0
0
0
0
0
0
0
0
0
0
0
0
1
0
0
0
0
2
0
0
0
0
0
0
0
0
0
0
0
0
0
0
0
0
0
0
0
0
0
0
0
0
0
0
0
0
0
0
0
0
0
0
0
0
2
0
0
0
0
0
0
0
0
0
0
0
0
0
0
0
0
0
0
0
0
0
0
0
0
0
0
0
0
0
0
0
0
0
0
0
0
0
0
0
0
0
0
0
0
0
0
0
0
0
0
1
0
0
0
0
0
0
0
0
0
0
0
0
0
0
0
0
0
0
0
0
0
0
0
0
0
0
0
0
0
0
0
0
0
0
0
0
0
0
0
0
0
0
0
0
0
0
0
0
0
0
0
0
0
0
0
0
0
0
0
0
0
0
0
0
0
0
0
0
0
0
0
0
0
0
0
0
0
0
0
0
0
0
0
0
0
0
0
0
0
0
1
0
0
0
0
0
0
0
0
0
0
0
0
0
0
0
0
0
0
0
0
0
0
0
0
0
0
0
0
0
0
0
0
0
0
0
0
0
0
0
0
0
0
0
0
0
0
0
0
0
0
0
0
0
0
0
0
0
0
0
0
0
0
0
0
0
0
0
0
0
0
0
0
1
0
0
0
0
0
0
1
0
0
0
0
0
0
0
0
0
0
0
0
0
0
0
0
0
1
0
0
0
1
0
0
0
0
0
0
0
0
0
0
0
0
0
0
0
0
0
0
0
0
0
0
0
0
0
0
0
0
0
0
0
0
0
0
0
0
0
0
0
0
0
0
0
0
0
0
0
0
0
0
0
0
0
0
0
0
0
0
0
0
0
0
0
0
0
0
0
0
0
0
0
0
0
0
0
0
0
0
0
0
0
0
0
0
0
0
0
0
0
0
0
0
0
0
0
0
0
0
0
0
0
0
0
0
0
0
0
0
0
0
0
0
0
0
0
0
0
0
0
0
0
1
0
0
0
0
0
0
0
0
0
0
0
0
0
0
0
0
0
0
0
0
0
0
0
0
0
0
0
0
0
0
0
0
0
0
0
0
0
0
0
0
0
0
0
0
0
0
0
0
0
0
0
0
0
0
0
0
0
0
0
0
0
0
0
0
0
0
0
0
0
1
0
0
0
0
0
0
0
0
0
0
0
0
0
0
0
0
0
0
0
0
1
0
0
0
0
0
0
0
0
0
0
0
0
0
0
0
0
0
0
0
0
0
0
0
0
0
0
0
0
0
0
0
0
0
0
0
0
0
0
0
0
0
0
0
0
0
0
0
0
0
0
0
0
0
0
0
0
0
0
0
0
0
0
0
0
0
0
0
0
0
0
0
0
0
0
0
0
0
0
0
0
0
0
0
0
0
0
0
0
0
0
0
0
0
0
0
0
0
0
0
0
0
0
0
0
0
0
0
0
0
0
0
0
0
1
0
0
0
0
0
0
0
0
0
0
0
1
0
0
0
0
0
0
0
0
0
0
0
0
0
0
0
0
0
0
0
0
0
0
0
0
0
0
0
0
0
0
0
1
0
0
0
0
0
0
0
0
0
0
0
0
0
0
0
0
0
0
0
0
0
0
0
0
0
0
0
0
0
0
0
0
0
0
0
0
0
0
0
0
0
0
0
0
0
0
0
0
0
0
0
0
0
0
0
0
0
0
0
0
0
0
0
0
0
0
0
0
0
0
0
0
0
0
0
0
0
0
0
0
0
0
0
0
0
0
0
0
1
0
0
0
0
0
0
0
0
0
0
0
0
0
0
0
0
0
0
0
0
0
0
0
0
0
0
0
0
0
0
0
0
0
0
0
0
0
0
0
0
0
0
0
0
0
0
0
0
0
0
0
0
0
0
0
0
0
0
0
0
0
1
0
0
0
0
0
0
0
0
0
0
0
0
0
0
0
0
0
0
0
0
0
0
0
0
0
0
0
0
0
0
0
0
0
0
0
0
0
0
0
0
0
0
0
0
0
0
0
0
0
0
0
0
0
0
0
0
0
0
0
0
0
0
0
0
0
0
0
0
0
0
0
0
0
0
0
0
0
0
0
0
0
0
0
0
0
0
0
0
0
0
0
0
0
0
0
0
0
0
0
0
0
0
0
0
0
0
0
0
0
0
0
0
0
0
0
0
0
0
1
0
0
0
0
0
0
0
0
0
0
0
0
0
0
0
0
0
0
0
0
0
0
0
0
0
0
0
0
0
0
0
0
0
0
0
0
0
0
0
0
0
0
0
0
1
0
0
0
0
0
0
0
0
0
0
0
0
0
0
0
0
0
0
0
0
0
0
0
0
0
0
0
0
0
0
0
0
0
0
0
0
0
0
0
0
0
0
0
0
0
0
0
0
0
0
0
0
0
0
0
0
0
0
0
0
0
0
0
0
0
0
0
0
0
0
0
0
0
0
0
0
0
0
0
0
0
0
0
0
0
0
0
0
0
0
1
0
0
0
0
0
0
0
0
0
0
0
0
0
0
0
0
0
0
0
0
0
0
0
0
0
0
0
0
0
0
0
0
0
0
0
0
0
0
0
0
0
0
0
0
0
0
0
0
0
0
0
0
0
0
0
0
0
0
0
0
0
0
0
0
0
0
0
0
0
0
0
0
0
0
0
0
0
0
0
0
0
0
0
0
0
0
0
0
0
0
0
1
0
0
0
0
0
0
0
0
0
0
0
0
0
0
0
0
0
0
0
0
0
0
0
0
0
0
0
0
0
0
0
0
0
0
0
0
0
0
0
0
0
0
0
0
0
0
0
0
0
0
0
0
0
0
0
0
0
0
0
0
0
0
0
0
0
0
0
0
0
0
0
0
0
0
0
0
0
0
0
0
0
0
0
0
0
0
0
0
0
0
0
0
0
0
0
0
0
0
0
0
0
0
0
0
0
0
0
0
0
0
0
0
0
0
0
0
0
0
0
0
0
0
0
0
0
0
0
0
0
0
0
0
0
0
0
0
0
0
0
0
0
0
0
0
0
0
0
0
0
0
0
0
0
0
0
0
0
0
0
0
0
0
0
0
0
0
0
0
0
0
0
0
0
0
0
0
0
0
0
0
0
0
0
0
0
0
0
0
0
0
0
0
0
0
0
0
0
0
0
0
0
0
0
0
0
0
0
0
0
0
0
0
0
0
0
0
0
0
0
0
0
0
0
0
0
0
0
0
0
0
0
0
0
0
0
0
0
0
0
0
0
0
0
0
0
0
0
0
0
0
0
0
0
0
0
0
0
0
0
0
0
0
0
0
0
0
0
0
0
0
0
0
0
0
0
0
0
0
0
0
0
0
0
0
0
0
0
0
0
0
0
0
0
0
0
0
0
0
0
0
0
0
0
0
0
0
0
0
0
0
0
0
0
0
0
0
0
0
0
0
0
0
0
0
0
0
0
0
0
0
0
0
0
0
0
0
0
0
0
0
0
0
0
1
0
0
0
0
0
0
0
0
0
0
0
0
0
0
0
0
0
0
0
0
0
0
0
0
0
0
0
0
0
0
0
0
0
0
0
0
0
0
0
0
0
0
0
0
0
0
0
0
0
0
0
0
0
0
0
0
0
0
0
0
0
0
0
0
0
0
0
0
0
0
0
0
0
0
0
0
0
0
0
0
0
0
0
0
0
0
0
0
0
0
0
0
0
0
0
0
0
0
0
0
0
0
0
0
0
0
0
0
0
0
0
0
0
0
0
0
1
0
0
0
0
0
0
0
0
0
0
0
0
0
0
0
0
0
0
0
0
0
0
0
0
0
0
0
0
0
0
0
0
0
0
0
0
0
0
0
0
0
0
0
0
0
0
0
0
0
0
0
0
0
0
0
0
0
0
0
0
0
0
0
0
0
0
0
0
0
0
0
0
0
0
0
0
0
0
0
0
0
0
0
0
0
0
0
0
0
0
0
0
0
0
0
0
0
0
0
0
0
0
1
0
0
0
0
0
0
0
0
0
0
0
0
0
0
0
0
0
0
0
0
0
0
0
0
0
0
0
0
0
0
0
0
0
0
0
0
0
0
0
0
0
0
0
0
0
0
0
0
0
0
0
0
0
0
0
0
0
0
0
0
0
0
0
0
0
0
0
0
1
