
000000000000000000000
000000000000000000000
000000000000000000000
000000000000000000000
000000000000000000000
000000000000000000000
000000000000000000000
000000000000000000000
000000000000000000000
000000000000000000000
000000000000000000000
000000000000000000000
000000000000000000000
000000000000000000000
000000000000000000000
000000000000000000000
000000000000000000000
000000000000000000000
000000000000000000000
000000000000000000000
000000000000000000000

000000000000000000000
000000000000000000000
000000000000000000000
000000000000000000000
000000000000000000000
000000000000000000000
000000000000000000000
000000000000000000000
000000000000000000000
000000000000000000000
000000000000000000000
000000000000000000000
000000000000000000000
000000000000000000000
000000000000000000000
000000000000000000000
000000000000000000000
000000000000000000000
000000000000000000000
000000000000000000000
000000000000000000000

000000000000000000000
000000000000000000000
000000000000000000000
000000000000000000000
000000000000000000000
000000000000000000000
000000000000000000000
000000000000000000000
000000000000000000000
000000000000000000000
000000000000000000000
000000000000000000000
000000000000000000000
000000000000000000000
000000000000000000000
000000000000000000000
000000000000000000000
000000000000000000000
000000000000000000000
000000000000000000000
000000000000000000000

000000000000000000000
000000000000000000000
000000000000000000000
000000000000000000000
000000000000000000000
000000000000000000000
000000000000000000000
000000000000000000000
000000000000000000000
000000000000000000000
000000000000000000000
000000000000000000000
000000000000000000000
000000000000000000000
000000000000000000000
000000000000000000000
000000000000000000000
000000000000000000000
000000000000000000000
000000000000000000000
000000000000000000000

000000000000000000000
000000000000000000000
000000000000000000000
000000000000000000000
000000000000000000000
000000000000000000000
000000000000000000000
000000000000000000000
000000000000000000000
000000000000000000000
000000000000000000000
000000000000000000000
000000000000000000000
000000000000000000000
000000000000000000000
000000000000000000000
000000000000000000000
000000000000000000000
000000000000000000000
000000000000000000000
000000000000000000000

000000000000000000000
000000000000000000000
000000000000000000000
000000000000000000000
000000000000000000000
000000000000000000000
000000000000000000000
000000000000000000000
000000000000000000000
000000000000000000000
000000000040000000000
000000000000000000000
000000000000000000000
000000000000000000000
000000000000000000000
000000000000000000000
000000000000000000000
000000000000000000000
000000000000000000000
000000000000000000000
000000000000000000000

000000000000000000000
000000000000000000000
000000000000000000000
000000000000000000000
000000000000000000000
000000000000000000000
000000000000000000000
000000000000000000000
000000000000000000000
000000000444000000000
000000000444000000000
000000000444000000000
000000000000000000000
000000000000000000000
000000000000000000000
000000000000000000000
000000000000000000000
000000000000000000000
000000000000000000000
000000000000000000000
000000000000000000000

000000000000000000000
000000000000000000000
000000000000000000000
000000000000000000000
000000000000000000000
000000000000000000000
000000000000000000000
000000000000000000000
000000004444400000000
000000004444400000000
000000004444400000000
000000004445400000000
000000004444400000000
000000000000000000000
000000000000000000000
000000000000000000000
000000000000000000000
000000000000000000000
000000000000000000000
000000000000000000000
000000000000000000000

000000000000000000000
000000000000000000000
000000000000000000000
000000000000000000000
000000000000000000000
000000000000000000000
000000000000000000000
000000054444440000000
000000044444440000000
000000044444440000000
000000044444440000000
000000044465440000000
000000044444540000000
000000044444440000000
000000000000000000000
000000000000000000000
000000000000000000000
000000000000000000000
000000000000000000000
000000000000000000000
000000000000000000000

000000000000000000000
000000000000000000000
000000000000000000000
000000000000000000000
000000000000000000000
000000000000000000000
000000444444444000000
000000445444444000000
000000444444444000000
000000444444444000000
000000444444444000000
000000444444544000000
000000444544544000000
000000444444454000000
000000445444444000000
000000000000000000000
000000000000000000000
000000000000000000000
000000000000000000000
000000000000000000000
000000000000000000000

000000000000000000000
000000000000000000000
000000000000000000000
000000000000000000000
000000000000000000000
000003444444444200000
000004444444444400000
000005444444444400000
000004444444444400000
000004444444444400000
000004444445454400000
000005444444444400000
000004444444454500000
000004444444444400000
000004444444444400000
000002464444444100000
000000000000000000000
000000000000000000000
000000000000000000000
000000000000000000000
000000000000000000000

000000000000000000000
000000000000000000000
000000000000000000000
000000000000000000000
000000444544444200000
000004444544444400000
000044444444444440000
000044444444444440000
000044444454444440000
000044444445444440000
000044444444444440000
000044444445445440000
000044444444444440000
000044445444444450000
000044444444444440000
000004444444444420000
000000444444442000000
000000000000000000000
000000000000000000000
000000000000000000000
000000000000000000000

000000000000000000000
000000000000000000000
000000000000000000000
000000144444441200000
000005444444444400000
000044444444444420000
000244444444444442000
000444444444444444000
000444444444444544000
000444544444444444000
000444444444444544000
000544444444444444000
000444454444444444000
000444444444444444000
000454454444444440000
000044444444444441000
000003545444444310000
000000444544441000000
000000000000000000000
000000000000000000000
000000000000000000000

000000000000000000000
000000000000000000000
000000014444420000000
000001444444442100000
000014444444444420000
000144444544444440000
000444444444444444000
004444454454444444100
004444444644444444400
004444444444444444400
004444445444444444400
004454445444444444400
004444444444444444400
003444444444454444100
000454444444444542000
000144544444444441000
000022444444444510000
000001444444444000000
000000024444322000000
000000000000000000000
000000000000000000000

000000000000000000000
000000000441000100000
000000044444432000000
000004454444444300000
001044444444454441000
000444454444444442000
003444444444444444100
016444444444444444400
006444444445444444400
044444444444444445440
054444444444444444440
034444444544444444420
044444444444444444440
002454445444444454100
004544645444444445000
000144444444544442000
000014444444445432000
000000444444443320000
000000214444434000000
000000001445000000000
000000000000000000000

000000000020000000000
044444444444444444440
044444444444444444440
044444444454444444440
044544444444464444440
044444444444444444440
044444444444544444440
054445444444444444441
044444444444544445440
144445444444444444442
244444444444444444444
144444444444444444441
044444444444444445440
044444544544544444441
044444444444444444440
044444444444544454440
044444444444444444440
044444444444444445440
054544444445444554440
044444444444444444540
000000001234000000000
 
Total grains in the pile: 6037
