
000000000000000000000
000000000000000000000
000000000000000000000
000000000000000000000
000000000000000000000
000000000000000000000
000000000000000000000
000000000000000000000
000000000000000000000
000000000000000000000
000000000000000000000
000000000000000000000
000000000000000000000
000000000000000000000
000000000000000000000
000000000000000000000
000000000000000000000
000000000000000000000
000000000000000000000
000000000000000000000
000000000000000000000

000000000000000000000
000000000000000000000
000000000000000000000
000000000000000000000
000000000000000000000
000000000000000000000
000000000000000000000
000000000000000000000
000000000000000000000
000000000000000000000
000000000000000000000
000000000000000000000
000000000000000000000
000000000000000000000
000000000000000000000
000000000000000000000
000000000000000000000
000000000000000000000
000000000000000000000
000000000000000000000
000000000000000000000

000000000000000000000
000000000000000000000
000000000000000000000
000000000000000000000
000000000000000000000
000000000000000000000
000000000000000000000
000000000000000000000
000000000000000000000
000000000000000000000
000000000000000000000
000000000000000000000
000000000000000000000
000000000000000000000
000000000000000000000
000000000000000000000
000000000000000000000
000000000000000000000
000000000000000000000
000000000000000000000
000000000000000000000

000000000000000000000
000000000000000000000
000000000000000000000
000000000000000000000
000000000000000000000
000000000000000000000
000000000000000000000
000000000000000000000
000000000000000000000
000000000000000000000
000000000000000000000
000000000000000000000
000000000000000000000
000000000000000000000
000000000000000000000
000000000000000000000
000000000000000000000
000000000000000000000
000000000000000000000
000000000000000000000
000000000000000000000

000000000000000000000
000000000000000000000
000000000000000000000
000000000000000000000
000000000000000000000
000000000000000000000
000000000000000000000
000000000000000000000
000000000000000000000
000000000000000000000
000000000000000000000
000000000000000000000
000000000000000000000
000000000000000000000
000000000000000000000
000000000000000000000
000000000000000000000
000000000000000000000
000000000000000000000
000000000000000000000
000000000000000000000

000000000000000000000
000000000000000000000
000000000000000000000
000000000000000000000
000000000000000000000
000000000000000000000
000000000000000000000
000000000000000000000
000000000000000000000
000000000000000000000
000000000040000000000
000000000000000000000
000000000000000000000
000000000000000000000
000000000000000000000
000000000000000000000
000000000000000000000
000000000000000000000
000000000000000000000
000000000000000000000
000000000000000000000

000000000000000000000
000000000000000000000
000000000000000000000
000000000000000000000
000000000000000000000
000000000000000000000
000000000000000000000
000000000000000000000
000000000000000000000
000000000444000000000
000000000454000000000
000000000444000000000
000000000000000000000
000000000000000000000
000000000000000000000
000000000000000000000
000000000000000000000
000000000000000000000
000000000000000000000
000000000000000000000
000000000000000000000

000000000000000000000
000000000000000000000
000000000000000000000
000000000000000000000
000000000000000000000
000000000000000000000
000000000000000000000
000000000000000000000
000000005444500000000
000000004444400000000
000000004444400000000
000000004644400000000
000000004444400000000
000000000000000000000
000000000000000000000
000000000000000000000
000000000000000000000
000000000000000000000
000000000000000000000
000000000000000000000
000000000000000000000

000000000000000000000
000000000000000000000
000000000000000000000
000000000000000000000
000000000000000000000
000000000000000000000
000000000000000000000
000000044444540000000
000000044444440000000
000000044444440000000
000000044544440000000
000000044444440000000
000000044444440000000
000000044444440000000
000000000000000000000
000000000000000000000
000000000000000000000
000000000000000000000
000000000000000000000
000000000000000000000
000000000000000000000

000000000000000000000
000000000000000000000
000000000000000000000
000000000000000000000
000000000000000000000
000000000000000000000
000000444444444000000
000000444444444000000
000000444444444000000
000000444445545000000
000000444454444000000
000000444444444000000
000000445444444000000
000000444444444000000
000000444444444000000
000000000000000000000
000000000000000000000
000000000000000000000
000000000000000000000
000000000000000000000
000000000000000000000

000000000000000000000
000000000000000000000
000000000000000000000
000000000000000000000
000000000000000000000
000002444444444400000
000004444445444400000
000004444444444400000
000004444444444400000
000004444444444400000
000004444444544400000
000004444444444400000
000004444445444400000
000004444464444400000
000004444444444400000
000004444444444200000
000000000000000000000
000000000000000000000
000000000000000000000
000000000000000000000
000000000000000000000

000000000000000000000
000000000000000000000
000000000000000000000
000000000000000000000
000001144444444100000
000023544444454410000
000024444444445430000
000044444444444440000
000044444445444440000
000044444454444440000
000044444444444440000
000054454444444440000
000044454444454440000
000044444444444440000
000034454444444420000
000004444444445600000
000001444444444000000
000000000000000000000
000000000000000000000
000000000000000000000
000000000000000000000

000000000000000000000
000000000000000000000
000000000000000000000
000000344444442000000
000002444445444220000
000024544444444440000
000144444444444441000
000444444444244544000
000445444444444444000
000444444444444444000
000444444444444444000
000544444444444444000
000444444444444444000
000444444444444444000
000244444444444443000
000044454444444440000
000011444444444400000
000000344444442000000
000000000000000000000
000000000000000000000
000000000000000000000

000000000000000000000
000000000000000000000
000000023444431000000
000000444444444100000
000035444444444430000
000044444444464421000
000344444444444454000
002544444444444444300
004444444444444444400
004444444444444446400
004444444444444445400
004444444544444444500
004444454544444444400
002444444444444444200
000144444445444454000
000044444444446412000
000014445444444410000
000000454544444200000
000000014444410000000
000000000000000000000
000000000000000000000

000000000000000000000
000000000342000000000
000000044444430000000
000014444444444400000
000044445444444430000
000144444445444441000
001344444445444444100
004444454444444444400
004445544444444444400
034444424444444444330
054444444444444444440
034444445454444444530
044444444444454444400
014444444444444444410
001444444444444444000
000344444444444442000
000014444444444431000
000003344444454120000
000000044444442000000
000000002442210000000
000000000000000000000

000000000041000000000
044444444444444444440
044444444444454444440
044444444444444445440
044454444545444444440
044455444444454444450
044454444444444444440
044444444444444444440
054444444444444444441
244444444444444444450
344445444454444444443
444444444444444544440
044454444444444444441
044444444444444445440
044444444444444444440
044444545444444444450
044454444454444444540
044444444445454444440
044444444444444445440
044444444444444444440
000000000001000000000
 
Total grains in the pile: 6006
