
                               
                               
                               
                               
                               
                               
                               
                               
                               
                               
                               
                               
                               
                               
                               
                               
                               
                               
                               
                               
                               
                               
                               
                               
                               
                               
                               
                               
                               
                               
                               

                               
                               
                               
                               
                               
                               
                               
                               
                               
                               
                               
                               
                               
                               
                               
                               
                               
                               
                               
                               
                               
                               
                               
                               
                               
                               
                               
                               
                               
                               
                               

                               
                               
                               
                               
                               
                               
                               
                               
                               
                               
                               
                               
                               
                               
                               
                               
                               
                               
                               
                               
                               
                               
                               
                               
                               
                               
                               
                               
                               
                               
                               

                               
                               
                               
                               
                               
                               
                               
                               
                               
                               
                               
                               
                               
                               
                               
                               
                               
                               
                               
                               
                               
                               
                               
                               
                               
                               
                               
                               
                               
                               
                               

                               
                               
                               
                               
                               
                               
                               
                               
                               
                               
                               
                               
                               
                               
                               
               3               
                               
                               
                               
                               
                               
                               
                               
                               
                               
                               
                               
                               
                               
                               
                               

                               
                               
                               
                               
                               
                               
                               
                               
                               
                               
                               
                               
                               
                               
              000              
              230              
              200              
                               
                               
                               
                               
                               
                               
                               
                               
                               
                               
                               
                               
                               
                               

                               
                               
                               
                               
                               
                               
                               
                               
                               
                               
                               
                               
                               
             20330             
             32033             
             32313             
             31300             
             02003             
                               
                               
                               
                               
                               
                               
                               
                               
                               
                               
                               
                               
                               

                               
                               
                               
                               
                               
                               
                               
                               
                               
                               
                               
                               
            0100110            
            0213301            
            0330330            
            0343030            
            1402001            
            1030221            
            0000100            
                               
                               
                               
                               
                               
                               
                               
                               
                               
                               
                               
                               

                               
                               
                               
                               
                               
                               
                               
                               
                               
                               
                               
           001001000           
           012220010           
           100333200           
           003304010           
           011230310           
           123332300           
           000400010           
           010012200           
           001000000           
                               
                               
                               
                               
                               
                               
                               
                               
                               
                               
                               

                               
                               
                               
                               
                               
                               
                               
                               
                               
                               
          00000000000          
          00011100000          
          00121300000          
          00002121000          
          00013132000          
          00113301000          
          01133303000          
          00000021100          
          00013111210          
          00000222100          
          00000100000          
                               
                               
                               
                               
                               
                               
                               
                               
                               
                               

                               
                               
                               
                               
                               
                               
                               
                               
                               
         0000000010100         
         0000001111000         
         0001100010000         
         0100313101000         
         1010020201000         
         0100330401000         
         0100223120000         
         0011123234000         
         0010120342000         
         0113010221000         
         0001113011200         
         0000013010010         
         0001000000000         
                               
                               
                               
                               
                               
                               
                               
                               
                               

                               
                               
                               
                               
                               
                               
                               
                               
        000000000000000        
        001020002000000        
        000000331112000        
        000001000120200        
        000034031010000        
        001200000110000        
        101101203000000        
        003110142100300        
        010200130300000        
        010000011010110        
        032030010000000        
        000021101131000        
        000000021000000        
        000010001000000        
        000000000000000        
                               
                               
                               
                               
                               
                               
                               
                               

                               
                               
                               
                               
                               
                               
                               
       00000100010100000       
       01300000000100000       
       00010000110010100       
       00010001120012000       
       00110002002300100       
       00100112310001400       
       02021011030101100       
       00101104220101000       
       00110000320100111       
       00102210011020000       
       00100203310103200       
       00130301302022100       
       00010211311321000       
       10010003220000001       
       00000202002000000       
       00000010110000000       
       00000000000000000       
                               
                               
                               
                               
                               
                               
                               

                               
                               
                               
                               
                               
                               
      0000001000010000000      
      0000011021101000000      
      0002100120000001000      
      0000213001100200000      
      0101001131130200100      
      0102001220121021000      
      0100102323202000000      
      0030112021311010100      
      0021001313002011000      
      1002200013300012100      
      0001110230023001010      
      0200203111232121100      
      0003213013020211100      
      0202113303033100010      
      0110000022200320010      
      0001000000110000000      
      0000110300110001000      
      0001000000020000000      
      0000010000000000000      
                               
                               
                               
                               
                               
                               

                               
                               
                               
                               
                               
     000000200000100000000     
     000000100000102001000     
     000000221111021000000     
     000030101200000010000     
     000002031022102000310     
     000000110132330301100     
     101030021201331220010     
     002102032022031030100     
     102311111005140210200     
     020203002132030110010     
     022034000333020213100     
     000031332301310010120     
     010031010023312321120     
     000122141031011320000     
     000012011123033300200     
     001000111201003101000     
     000030111011202100000     
     000010102010021020200     
     000022000000100010000     
     000010004020002100000     
     000000000000100000000     
                               
                               
                               
                               
                               

                               
                               
                               
                               
    00000000002001100000000    
    00000011022001011000000    
    00001100000101020110000    
    00000101311130201001000    
    01021320113010000200100    
    01011103400322030000000    
    00111022101201013011310    
    00112300142033211110130    
    00031100330310120302000    
    02300223200033201031100    
    00101200123331313000100    
    01132321003430203134100    
    00110203301202102001100    
    00110010203313103111301    
    00100331300311003120400    
    00101101033213312023000    
    00230130123002133211000    
    00010022211033010000210    
    01001000220010020201000    
    00010310000013110011000    
    00000100020100032210000    
    00000000122002212000000    
    00000000000000000000000    
                               
                               
                               
                               

                               
                               
                               
   0000000000000000000000000   
   0000000010002000000000000   
   0000001021201321110100000   
   0000012102003022410100000   
   0000000023223103112031000   
   0003304221230110113110000   
   0001110213002431300031000   
   0011020010023120111100100   
   0020323111200342322111300   
   0000310423123212103310120   
   0333133133032333010230110   
   0005110203233413011002000   
   0124303320234303023433030   
   0001304123014003100120120   
   0101103313023012233314200   
   0101003304013101243103000   
   0022023313313023321140100   
   0020431300132220330031000   
   0011003312104130111011100   
   0001130220303020042122000   
   0000203201201030003300000   
   0000003020302010332110000   
   0000000000031011000000000   
   0000000001100210000000000   
   0000000000000000000000000   
                               
                               
                               

                               
                               
  000000000000000000000000000  
  000000000000000000000000000  
  000000000012133010000000000  
  000000023313113330110000000  
  000010233011010310212100000  
  000000130233333031201100000  
  000035333101310113332101000  
  000221303130033303122321000  
  000313300330030331300121000  
  001303133222203323234133100  
  000303103223230010223311000  
  012343121221323431323002100  
  010213323131131331101050300  
  001333133213443231337333400  
  001201033332030321000032100  
  003234030001033331333133100  
  000230033241130332333131000  
  000304233231230335001303100  
  000303230011341033411320000  
  000100237131243303121132000  
  000021330204231332322300000  
  000010245313311332232100000  
  000001231203031324331200000  
  000000011032300310020000000  
  000000001021121302000000000  
  000000000000000000000000000  
  000000000000000000000000000  
                               
                               

                               
 00000000000000000000000000000 
 00000000000000000000000000000 
 00000000000000100000000000000 
 00000000002233333310000000000 
 00000000343234223323310000000 
 00000003333321313333331000000 
 00001013133333351331333000000 
 00002333353133313133320300000 
 00003333243311333234223300000 
 00023333313323232233233340000 
 00013134313332023133234430000 
 00033134233343321311333133000 
 00014323323310433303334022100 
 00021333341332341321231322000 
 00033333344231333313337303000 
 00032331332331313371213323000 
 00023331333333333313333432000 
 00023321333303310343332412000 
 00003231333323313433233130000 
 00013333531313333333133230000 
 00010333333322433131310320000 
 00000233433032313433333300000 
 00001130433333024323333100000 
 00000013324033423333331000000 
 00000000012313233432000000000 
 00000000001033333120000000000 
 00000000000000001000000000000 
 00000000000000000000000000000 
 00000000000000000000000000000 
                               

0000000000000000000000000000000
0002333333333333333334433332000
0144333343434333433333343334100
0233333343333333334434543333310
0133333333334333333333343333330
0333335334344333333343333333330
0333333333333333333333334433330
0333343343334333333333333343330
0333333333443333333533333343330
0344334344333333343343333334330
0334333333333334333343333333330
0333333333333343333334433433330
0343333333434433333343333333330
0333333334333333333333333333330
0333353333333333433333333333430
0343333333434333333433333334330
0333343434335333433333333333330
0333333343333333343333343343330
0333344333333334433333334333430
0333335333343333333343343333440
0333333333433333333333333333430
0333333333333333333334333333340
0333534333434333443333333333330
0333443334344333343433433433330
0333444333334443333333334333330
0333333443344353433343433433530
0334333333347443333333333354330
0133333334333334333343333533310
0333333333333433333343343343300
0111343333443333333343353333000
0000000000000000000000000000000
 
Total grains in the pile: 6833
