0
0
0
0
0
0
0
0
3264
46951
87340
52886
48391
44038
45809
44986
40018
39456
69558
43556
34143
34817
29620
33880
23632
18746
16616
19509
16035
14604
15325
29135
23408
4652
3737
3275
3031
2790
2559
2392
2198
2170
1960
1876
1798
1648
1669
1493
1522
1484
1340
1344
1246
1231
1133
1136
1073
1070
1054
1036
948
923
855
890
832
812
776
749
672
722
662
646
664
670
663
601
583
553
524
537
512
462
516
469
464
495
457
421
431
422
411
409
381
348
399
348
369
336
354
331
314
341
319
327
330
294
296
294
266
254
279
279
247
255
247
244
266
239
258
239
243
229
256
228
204
213
202
214
183
188
224
207
186
182
214
207
220
205
179
193
155
173
181
204
195
188
166
162
139
165
163
168
174
157
143
170
140
157
171
127
146
156
156
142
155
140
117
135
136
124
141
136
156
125
128
142
111
138
115
119
117
118
132
108
115
124
119
109
125
115
111
111
112
133
122
104
108
116
112
119
109
98
103
103
98
100
107
106
95
96
105
103
117
107
100
108
98
93
75
96
79
90
99
88
84
100
104
89
86
72
97
84
93
107
96
88
87
80
100
73
79
89
85
89
82
81
88
100
86
83
70
91
84
74
100
88
75
82
79
73
70
82
78
79
88
76
80
71
74
84
76
86
74
79
73
64
80
79
57
76
70
69
65
60
68
78
72
71
79
77
60
68
67
69
58
69
57
71
69
56
79
58
62
76
69
73
66
68
67
75
60
59
65
55
73
66
68
69
63
71
44
70
62
66
70
56
58
55
64
51
51
55
53
54
67
52
75
57
59
69
52
53
61
57
62
53
50
49
51
50
54
48
53
45
54
56
45
50
54
49
62
55
43
43
47
45
42
61
65
49
44
50
50
42
40
41
40
41
53
45
31
64
50
44
46
52
41
58
49
46
42
29
50
40
41
44
41
42
49
37
46
48
31
41
46
44
40
41
45
52
57
44
41
49
32
38
39
39
37
53
38
44
57
51
42
38
46
49
44
32
31
41
36
31
32
33
43
42
28
48
48
49
43
38
36
45
38
46
45
37
44
32
39
36
37
34
37
42
48
43
35
34
32
49
27
40
43
35
34
29
40
39
30
37
48
30
32
33
40
42
29
34
27
31
16
32
26
28
37
31
43
19
38
30
30
31
29
36
31
35
35
31
28
33
36
28
31
26
37
33
32
32
37
27
29
31
29
22
32
24
38
26
27
31
26
28
20
26
26
34
34
27
28
36
28
24
38
29
27
29
29
24
22
32
29
29
18
24
22
37
21
23
30
27
28
31
32
28
24
27
25
28
24
18
31
20
28
24
28
35
28
27
24
27
35
30
22
27
22
25
18
25
28
33
36
31
23
36
25
28
24
26
20
23
31
19
19
30
24
24
27
31
29
28
29
23
21
31
26
19
29
27
21
20
29
19
28
20
22
22
21
21
24
23
20
16
29
11
31
18
19
30
21
22
18
21
19
12
24
12
17
23
23
25
31
18
14
21
18
23
16
26
16
21
14
12
14
18
23
23
23
15
28
19
26
17
17
14
21
16
20
26
22
19
21
22
17
17
14
24
17
18
29
18
16
24
14
25
15
18
12
22
16
20
15
15
25
14
23
18
20
19
18
16
14
21
21
21
19
15
14
14
16
17
12
26
20
20
13
15
21
18
27
21
17
12
12
17
17
13
17
14
15
18
15
19
24
14
15
14
15
24
16
19
16
17
19
13
20
13
16
10
12
12
17
9
15
17
16
18
13
21
11
12
11
9
13
24
12
18
14
12
9
3
16
19
25
15
15
15
9
16
14
9
13
15
12
13
12
18
17
22
15
19
10
13
11
11
7
15
14
18
17
16
15
11
13
21
16
13
10
12
12
12
19
20
21
9
12
18
13
12
14
9
11
12
11
6
15
13
15
17
10
9
15
12
10
12
13
18
10
13
10
10
18
19
15
10
15
18
10
17
5
9
13
9
12
13
12
9
10
7
11
15
7
12
12
15
17
15
13
6
8
9
11
10
10
10
10
18
14
7
7
12
11
5
15
10
10
12
4
9
6
11
13
9
11
9
12
9
8
9
10
12
10
11
21
9
7
14
11
10
9
8
4
12
17
21
8
11
6
8
15
9
10
8
15
12
7
13
9
12
11
7
8
10
5
13
13
13
5
7
13
9
11
12
7
18
12
11
14
7
10
4
5
10
11
13
11
19
7
11
13
8
10
6
5
4
3
6
5
15
8
10
4
8
8
5
9
9
10
17
11
9
5
6
6
5
14
8
16
9
8
6
5
9
8
9
11
11
12
9
7
9
14
7
7
13
10
2
11
8
5
7
11
12
9
9
8
10
12
9
6
4
10
9
8
7
7
6
4
10
11
10
7
10
7
11
10
9
14
9
8
8
12
5
12
11
7
6
8
4
7
3
5
6
3
3
7
7
9
8
9
9
8
8
16
9
6
9
5
9
11
6
8
8
10
7
6
6
6
8
3
8
8
6
6
9
8
5
11
7
8
5
10
5
8
8
8
8
8
11
7
11
13
4
8
9
9
2
8
8
4
10
6
5
5
7
3
9
8
5
6
11
3
8
11
7
8
5
8
5
5
8
16
7
7
9
10
7
8
4
5
5
9
5
7
7
10
3
6
3
9
5
6
11
6
3
4
11
5
4
7
8
4
8
4
8
8
11
5
8
5
2
11
7
5
7
5
5
6
5
7
6
4
10
3
6
3
9
7
1
12
4
4
12
7
9
3
5
8
7
5
7
3
8
5
6
5
2
9
5
8
3
6
11
7
7
8
10
5
6
7
8
7
6
2
3
6
2
5
6
11
4
5
6
2
5
2
7
4
3
8
6
2
5
8
5
2
9
4
4
9
5
5
4
12
11
5
3
8
2
3
2
4
8
5
4
7
3
4
5
5
3
3
1
7
6
4
8
5
5
3
4
4
0
2
8
5
7
6
5
5
8
3
10
4
6
4
7
2
9
3
4
6
4
8
3
1
4
3
7
6
2
3
7
3
7
7
3
6
5
7
8
3
4
7
8
3
9
2
4
7
9
7
5
7
3
10
5
2
5
2
5
10
2
8
4
8
6
2
8
2
5
5
5
7
6
8
5
3
4
6
2
5
4
4
3
2
2
5
4
3
6
4
3
5
1
5
4
1
9
4
4
2
7
4
5
12
6
5
3
4
3
4
6
2
2
2
4
6
6
8
1
5
7
4
4
4
4
4
3
3
7
3
5
8
4
7
4
1
3
1
1
4
3
1
3
3
3
1
2
2
6
3
7
3
5
3
1
3
2
5
0
6
3
3
4
3
6
5
4
2
4
1
2
2
2
2
4
4
5
2
1
4
0
4
1
3
3
4
3
4
6
5
3
5
7
3
2
8
1
3
2
4
3
6
1
4
1
1
1
4
1
3
3
4
3
2
4
2
4
3
4
4
3
4
5
1
4
0
0
6
2
2
3
3
5
2
5
4
3
3
3
3
2
2
7
4
4
2
1
6
4
3
2
4
4
4
3
5
1
3
5
3
2
2
2
2
8
2
3
4
4
3
5
6
8
6
3
2
4
2
4
1
1
4
4
5
7
2
2
5
2
5
8
5
2
3
3
3
2
5
2
1
2
3
1
3
2
1
1
2
3
3
1
7
3
2
2
5
5
2
5
5
2
2
2
4
6
5
3
5
0
4
6
2
4
1
4
0
1
1
4
4
1
8
1
2
4
3
3
3
4
2
6
2
2
2
1
3
1
4
4
3
5
3
3
1
1
2
8
4
3
4
1
0
2
2
2
5
1
0
4
3
4
1
3
2
2
0
3
4
2
2
3
0
2
3
5
3
3
1
2
2
4
3
3
2
0
4
2
0
2
2
2
5
3
5
6
1
1
4
4
0
4
1
4
3
3
1
4
6
1
3
3
7
2
4
2
3
3
3
3
3
2
5
1
3
2
8
1
3
3
1
1
2
5
3
3
3
3
4
1
1
2
4
3
2
2
3
0
2
3
2
1
3
1
2
5
4
4
2
5
2
1
4
3
1
1
4
3
4
2
2
5
2
2
5
3
2
3
4
0
2
1
1
3
6
1
3
1
5
1
2
1
1
1
1
4
2
3
4
4
5
1
0
1
2
1
0
0
3
5
1
1
2
1
3
2
5
3
0
1
4
2
3
1
0
0
3
1
1
3
1
1
0
0
2
1
4
0
3
1
0
1
3
2
2
3
3
1
0
2
0
2
1
1
0
2
3
3
3
2
2
1
4
2
2
1
3
6
3
2
1
0
2
3
0
2
3
1
3
3
1
4
1
1
4
1
3
2
1
2
1
3
1
3
2
1
2
3
2
4
1
5
1
2
1
0
2
1
2
0
0
2
1
1
1
1
1
2
2
2
1
1
1
1
0
2
2
1
4
2
2
2
2
2
1
0
5
0
1
0
0
1
2
1
3
2
1
4
1
3
3
1
3
2
1
1
5
1
1
3
4
0
1
1
2
3
0
0
2
0
2
2
2
2
3
3
1
0
1
2
1
1
4
0
0
2
0
2
1
1
1
1
2
0
0
1
0
2
1
2
2
1
0
0
2
0
0
0
1
1
2
1
0
1
1
2
3
2
1
1
1
2
0
1
0
0
0
2
2
1
2
4
1
1
2
1
3
0
1
2
1
3
1
1
2
2
1
1
0
1
0
0
2
3
1
1
0
0
1
3
0
0
2
0
0
1
0
0
0
4
2
0
1
0
4
0
0
2
1
1
1
2
3
2
3
1
3
1
0
0
2
0
2
0
1
1
1
2
0
1
1
2
0
1
1
0
2
1
1
1
1
2
0
2
0
1
2
2
3
1
1
0
2
2
1
0
3
0
5
0
1
0
4
1
1
0
0
1
1
2
1
1
2
0
2
1
4
1
0
2
1
1
2
0
1
1
1
0
5
0
0
1
1
2
2
0
1
3
1
3
2
1
1
2
2
3
1
0
0
2
4
2
2
0
1
1
0
1
0
0
3
0
2
2
0
4
1
0
1
3
1
0
2
1
3
1
1
0
0
2
1
1
0
1
1
2
0
3
2
3
0
0
3
1
0
3
2
1
0
1
2
1
1
1
0
2
2
2
0
1
0
0
1
2
6
1
0
0
1
0
1
0
0
0
0
1
3
3
1
3
2
2
1
1
1
1
1
3
0
0
2
3
3
1
3
0
0
0
3
0
2
4
2
2
0
2
0
0
1
2
2
0
0
1
1
1
2
1
3
1
0
0
0
3
1
0
0
1
3
2
2
0
0
0
2
4
1
1
2
1
0
1
2
1
0
0
1
2
0
1
3
1
0
0
0
0
0
0
0
0
1
1
0
1
2
3
1
1
1
1
1
1
1
0
1
3
1
0
0
0
0
1
2
2
0
0
0
3
1
2
0
0
1
2
1
0
1
3
0
2
0
1
0
2
0
0
3
1
1
1
2
0
0
1
0
0
2
0
2
3
1
0
0
2
2
0
0
3
0
0
0
0
3
1
3
1
0
2
1
0
0
1
1
1
0
0
0
0
1
0
1
1
0
1
2
2
1
0
1
1
1
2
1
0
2
0
1
0
2
1
2
0
2
1
0
1
1
0
0
0
1
2
0
1
1
0
2
3
1
2
1
1
2
1
0
0
1
0
0
0
0
0
0
0
1
1
0
1
1
2
0
1
0
2
0
1
1
0
0
0
1
0
1
0
0
2
0
0
0
2
0
1
0
0
0
2
0
1
0
0
0
0
2
0
0
1
1
0
0
0
0
0
1
1
1
2
2
1
0
2
3
1
1
1
0
1
0
1
1
1
2
0
0
0
0
3
2
2
0
0
3
2
3
0
2
1
1
0
0
1
0
1
2
1
2
0
1
0
1
1
0
0
1
0
1
1
2
0
1
1
0
0
1
1
0
0
1
0
1
0
0
1
0
3
1
0
4
1
0
2
2
0
1
1
0
0
0
0
1
0
1
1
0
2
2
1
0
2
1
1
1
0
4
1
0
0
2
1
0
0
1
1
1
2
2
0
1
0
0
0
1
0
0
0
1
1
1
0
0
3
1
0
2
0
0
0
2
0
1
0
1
1
0
0
0
1
0
2
0
1
1
1
0
0
2
2
5
1
0
0
1
1
3
1
0
0
1
0
2
2
1
0
0
0
0
0
0
1
1
0
0
0
0
0
1
0
0
0
0
0
0
0
1
1
1
1
2
1
0
0
1
0
2
2
1
1
2
0
1
1
0
0
0
1
0
1
0
0
0
0
1
0
1
0
0
0
0
0
1
1
0
0
0
2
0
1
1
0
0
0
0
1
0
2
0
1
1
0
1
1
1
1
0
1
1
1
0
0
1
1
1
1
0
0
0
0
1
0
0
0
0
1
2
2
1
1
1
1
1
0
0
1
3
0
1
1
0
0
0
2
0
0
0
0
0
2
0
2
0
2
0
1
2
1
0
0
0
0
1
1
0
1
0
0
0
2
1
0
1
0
1
2
2
0
1
2
1
0
1
1
0
0
0
0
1
0
0
1
0
1
0
0
0
0
2
1
0
0
1
0
1
0
0
1
1
0
0
1
0
0
0
2
1
1
0
0
0
1
1
0
1
0
1
0
1
1
0
2
1
1
1
0
0
0
1
0
1
0
1
0
1
0
1
0
0
0
0
1
0
1
0
0
0
0
0
0
1
0
2
0
0
2
0
1
1
1
0
0
0
1
1
0
0
0
0
1
2
1
0
0
0
0
0
1
1
0
0
0
1
0
1
0
0
0
0
0
0
0
0
0
0
0
1
1
0
2
1
1
0
0
0
1
0
0
2
1
1
1
0
1
0
0
0
2
0
0
1
0
1
0
1
1
0
0
0
0
0
0
1
0
1
0
0
0
0
0
1
0
0
0
0
0
0
0
0
0
0
0
2
0
0
0
0
1
0
1
0
1
0
0
0
0
0
1
2
0
0
1
0
1
0
0
0
1
0
0
1
1
0
0
2
0
1
1
2
0
0
0
0
1
0
0
0
1
1
0
0
0
0
1
0
1
2
1
2
0
0
0
0
0
1
0
0
0
0
0
0
1
1
0
0
0
0
0
0
0
1
0
2
0
1
0
1
0
0
0
0
0
0
1
0
0
0
1
0
0
0
0
1
0
2
1
0
1
0
0
1
0
0
0
0
0
0
0
0
1
0
1
0
0
0
0
0
0
1
1
0
0
0
1
1
0
0
1
0
0
0
2
0
2
0
2
0
0
1
1
0
1
0
0
0
1
0
0
1
0
1
0
0
0
0
0
0
1
1
1
0
0
0
1
0
0
0
1
0
0
0
0
1
0
1
1
1
0
1
0
0
1
0
1
0
0
0
0
0
0
1
0
0
1
1
1
0
0
0
1
1
0
0
0
0
0
1
0
0
0
0
0
1
0
0
0
0
0
0
0
0
0
0
0
0
1
1
0
0
0
0
1
0
0
0
0
0
0
0
1
0
0
0
0
0
0
1
0
0
0
1
2
1
0
0
0
0
0
1
0
1
0
0
0
0
0
0
0
0
0
1
0
1
1
1
0
0
0
0
0
0
0
1
0
1
1
0
0
1
0
0
1
0
0
1
0
0
1
0
0
1
0
0
1
0
2
0
2
1
1
0
0
0
0
0
0
1
0
1
0
0
1
0
0
0
0
0
1
0
1
0
1
0
1
0
0
0
0
0
0
1
0
0
0
1
1
1
0
1
0
0
1
0
1
1
0
0
2
0
0
0
0
0
0
0
0
0
1
1
0
3
0
0
0
1
0
0
0
0
0
0
1
0
0
0
0
0
0
0
1
1
0
0
0
0
0
0
0
1
1
1
0
0
0
0
0
0
1
0
1
0
0
0
1
0
0
0
0
0
1
0
1
0
0
1
0
0
0
0
0
1
0
0
0
0
0
0
0
1
0
1
0
0
2
0
0
0
0
0
0
0
0
0
0
1
0
0
2
0
0
0
0
1
0
0
0
1
0
0
0
0
0
0
0
0
0
0
1
0
0
1
0
0
0
1
0
0
0
0
0
0
3
0
0
0
0
0
0
0
1
0
0
0
0
0
0
1
0
0
1
0
0
0
1
2
0
1
0
0
1
0
0
1
0
0
1
0
0
0
2
0
1
1
2
0
0
0
0
0
0
0
1
0
1
0
0
1
0
2
0
2
0
0
0
0
0
0
1
0
0
0
0
0
1
0
0
0
0
1
0
0
0
0
0
0
1
0
1
0
1
0
0
0
0
2
0
0
0
0
1
0
1
0
2
0
0
0
0
0
0
1
0
0
0
0
0
0
0
0
0
0
0
0
0
0
0
0
0
0
0
1
0
0
1
0
0
1
2
0
0
0
0
1
0
0
0
0
0
0
0
0
0
0
0
0
1
0
0
0
0
0
0
0
1
0
0
1
0
0
0
0
0
0
0
0
1
0
1
0
0
0
0
0
0
0
0
1
0
0
0
0
1
0
1
0
2
0
1
0
0
0
0
0
0
0
0
1
0
0
0
0
1
0
0
0
0
1
1
1
0
0
0
0
0
1
0
0
0
0
1
0
1
0
0
0
0
0
0
0
1
0
0
0
0
0
0
0
1
0
1
0
0
0
0
2
0
0
1
0
0
0
0
0
0
0
0
0
0
0
0
0
1
0
1
0
0
0
0
0
0
1
0
0
0
0
0
0
1
0
0
0
1
0
0
0
0
0
0
0
0
0
0
0
0
0
0
0
0
0
0
1
0
0
0
0
0
1
0
0
0
0
0
1
0
0
0
0
0
0
0
0
1
0
1
1
1
1
0
0
0
0
0
1
0
0
0
0
0
0
0
0
0
0
0
0
0
0
0
1
1
0
0
0
0
0
0
0
1
0
0
1
1
0
0
1
0
0
0
0
0
0
0
0
0
0
1
0
0
0
0
1
0
0
0
1
1
0
0
0
0
0
0
0
0
0
1
0
0
0
0
0
0
1
0
0
0
0
0
0
1
0
1
1
0
0
0
0
0
0
0
0
0
0
1
0
0
0
0
0
0
1
0
0
0
0
0
0
0
0
0
0
0
0
0
0
1
0
0
0
0
0
0
0
0
0
0
0
0
0
0
1
1
1
0
0
0
0
0
0
0
0
0
0
0
0
0
0
0
0
0
0
0
0
0
0
0
0
0
0
0
0
0
0
0
0
0
0
0
0
1
0
0
0
0
1
0
0
1
0
0
0
0
0
0
0
0
0
0
0
0
0
0
0
0
0
0
0
0
0
1
0
0
0
0
0
1
0
0
0
0
0
0
0
0
0
0
1
0
0
0
0
0
0
0
0
0
0
0
0
0
0
1
0
0
1
0
0
0
0
1
0
0
0
0
0
0
0
0
0
0
0
0
0
0
0
0
0
1
0
0
1
1
0
0
0
0
0
0
0
0
0
0
0
0
0
0
1
0
0
1
0
0
0
0
0
0
0
1
0
0
0
0
0
0
0
0
0
1
0
0
0
0
0
0
0
0
0
0
1
0
0
0
0
0
0
0
1
0
0
0
0
0
0
0
0
0
0
0
0
0
0
0
1
0
0
0
0
0
1
0
0
0
0
0
0
0
0
0
0
0
0
0
0
0
0
0
0
0
0
0
0
0
0
1
0
0
0
0
0
0
0
0
0
0
0
0
0
0
0
0
1
0
2
0
0
1
0
0
0
0
0
0
0
0
0
1
0
0
1
0
0
0
0
0
0
0
0
1
0
0
0
0
0
1
0
0
0
0
0
0
0
0
0
1
0
0
0
2
0
0
1
1
1
0
0
0
0
0
0
0
0
0
0
0
0
0
0
0
0
0
0
0
1
1
0
0
0
0
0
0
0
0
0
0
0
0
0
0
0
0
0
0
0
0
0
0
0
1
0
0
0
0
0
0
0
0
0
0
1
0
0
0
0
0
0
0
1
1
1
0
0
0
0
0
0
1
0
0
0
0
0
0
0
1
0
0
0
0
0
0
0
0
0
0
1
0
0
0
0
0
0
0
1
2
0
0
0
0
0
0
1
2
1
0
0
0
0
0
0
0
0
0
0
0
0
0
0
0
0
0
0
0
0
0
0
0
0
0
0
0
0
0
0
0
0
0
0
0
0
1
0
0
0
0
0
0
1
0
0
0
0
0
0
0
0
0
0
0
0
0
0
0
0
0
0
1
0
0
0
0
0
0
0
0
0
1
0
1
1
0
0
0
0
0
0
0
0
0
0
0
0
0
0
0
0
1
0
0
0
0
0
0
0
0
1
0
0
0
0
0
0
0
0
0
0
0
0
0
0
0
0
1
0
0
0
0
0
1
0
0
0
0
0
0
0
0
0
0
0
0
0
0
0
0
0
0
0
0
0
0
0
0
0
0
0
0
0
0
0
0
0
0
0
0
0
1
0
0
0
0
0
0
0
0
0
0
0
0
0
0
0
1
0
0
0
0
0
0
0
0
0
0
1
1
0
0
0
0
0
0
0
0
1
0
0
0
0
0
0
0
0
0
0
0
0
1
0
0
0
0
0
0
0
0
1
0
0
1
0
0
0
0
0
0
0
0
2
0
0
0
0
0
0
0
0
1
0
1
0
0
0
0
0
0
0
0
0
0
0
0
0
0
0
0
0
0
0
0
0
0
1
0
0
0
0
0
0
0
0
0
0
0
0
0
0
0
0
1
0
0
0
0
0
0
0
0
0
0
0
0
0
0
0
0
0
0
0
0
0
0
0
0
0
0
0
0
0
0
0
0
0
0
0
0
0
0
0
0
0
0
0
0
0
0
0
0
0
0
0
0
0
0
0
0
0
0
0
0
0
1
0
0
0
0
1
0
0
0
0
0
0
0
0
0
0
0
0
0
0
0
0
0
0
0
0
0
0
1
0
1
0
0
0
0
0
0
0
0
0
0
0
0
0
0
0
0
0
0
0
0
0
0
0
0
0
0
0
0
0
0
0
0
0
0
0
0
0
0
0
0
0
0
1
0
0
0
0
0
0
1
0
0
0
0
0
0
0
0
1
0
0
0
0
0
0
0
0
0
0
0
0
0
1
0
0
0
0
0
0
0
0
0
0
1
0
0
0
0
0
0
0
1
0
0
0
0
0
0
0
0
0
0
1
1
0
0
0
0
0
0
0
0
1
0
0
0
0
0
0
0
0
0
0
0
0
0
0
0
0
0
0
0
0
1
0
0
0
0
0
0
0
0
0
0
0
0
0
0
0
0
0
0
0
0
0
0
0
0
0
0
0
0
0
0
0
0
0
0
0
0
0
0
0
0
0
0
0
0
0
0
0
0
0
0
0
0
0
0
0
0
0
0
0
0
0
0
0
0
0
0
0
0
0
0
0
0
0
0
0
0
0
0
0
0
0
1
1
0
0
0
0
0
0
0
0
0
0
1
0
0
0
0
0
0
0
1
0
0
0
0
0
0
0
0
0
0
0
0
0
0
0
0
0
0
0
0
0
0
0
0
0
1
0
1
0
0
0
0
0
2
0
0
0
0
0
0
0
0
1
0
0
1
0
0
0
0
0
0
0
0
0
0
0
0
0
0
0
0
0
0
0
0
0
1
0
0
0
0
0
0
0
0
0
0
0
0
0
0
0
0
0
0
0
0
0
0
0
0
0
0
0
0
0
0
0
0
0
0
0
0
0
0
0
0
0
0
0
0
0
0
0
0
0
0
0
0
0
0
0
0
0
0
0
0
1
0
0
1
0
0
0
0
0
0
0
0
0
0
1
0
0
0
0
0
0
0
0
0
0
0
0
0
0
0
0
0
0
0
0
0
0
0
0
0
0
0
0
0
0
0
0
0
0
0
0
0
1
0
0
0
1
0
0
0
0
0
0
0
0
0
0
0
0
0
0
0
0
0
0
0
0
0
0
0
0
0
0
0
0
0
0
0
0
0
0
0
0
0
0
0
0
0
0
0
1
1
0
0
0
0
0
0
0
0
0
0
0
0
0
0
0
0
1
0
0
0
0
0
0
0
0
0
0
0
0
0
0
0
0
0
0
0
1
1
0
0
0
0
0
0
0
1
0
0
0
0
0
0
0
0
0
0
0
0
0
0
0
0
0
0
0
0
0
0
0
0
0
0
0
0
0
0
0
0
0
0
0
0
0
0
0
0
0
0
0
0
0
0
0
0
0
0
0
0
0
0
0
0
0
0
0
0
0
0
0
0
0
0
0
0
0
0
0
0
1
0
0
0
0
0
0
0
0
0
0
0
0
0
0
0
0
0
0
0
0
0
0
1
0
0
0
0
0
0
0
0
1
0
0
0
0
0
0
0
0
0
0
0
0
0
0
0
0
0
0
1
1
0
0
0
0
0
0
0
0
0
0
0
0
0
0
0
0
0
0
0
0
0
0
0
0
0
0
0
0
0
0
0
0
0
0
0
0
1
0
0
0
0
0
0
0
0
0
0
0
0
0
0
1
0
0
1
0
0
0
0
0
0
0
0
0
0
0
0
0
0
0
0
0
0
0
0
0
0
0
0
0
0
0
0
1
0
0
0
0
1
0
0
0
0
0
0
0
1
0
0
0
0
0
0
0
0
0
0
0
0
0
0
0
0
0
0
0
0
0
0
0
0
0
0
0
0
0
0
0
0
0
0
0
0
0
0
0
0
0
0
0
0
0
0
0
0
0
0
1
0
0
0
1
0
0
0
0
0
0
0
0
0
0
0
0
0
0
0
0
0
0
0
0
0
0
0
0
0
0
0
0
0
0
0
0
0
0
0
0
0
1
0
0
0
0
0
0
0
0
0
0
0
0
0
0
0
0
0
0
0
0
0
1
0
0
0
0
0
0
0
0
0
0
0
0
0
0
0
0
0
0
0
0
1
0
0
0
0
0
0
1
0
0
0
0
0
0
0
0
0
0
0
0
0
0
0
0
0
1
1
0
0
0
0
0
0
0
0
0
0
0
0
0
0
0
0
0
0
0
0
0
0
0
1
0
0
0
0
0
0
0
0
2
0
0
0
0
0
0
0
0
0
0
0
0
0
0
0
0
0
0
0
0
0
0
0
0
0
0
0
0
0
0
0
0
0
0
0
0
0
0
0
0
0
1
0
0
0
0
0
0
0
0
0
0
0
0
0
0
0
0
0
0
0
0
0
0
0
0
0
0
0
0
0
0
0
0
0
0
0
0
0
0
0
0
0
0
0
0
0
0
0
0
0
0
0
0
0
0
0
0
0
0
0
0
0
0
0
0
0
0
0
1
0
0
0
0
0
0
0
0
0
0
0
0
0
0
0
0
0
0
0
0
0
0
0
0
0
0
0
0
0
0
0
0
0
0
0
0
0
0
0
0
0
0
0
0
0
0
0
0
0
0
0
0
0
0
0
0
0
0
0
0
0
1
0
0
0
0
0
0
0
0
0
0
0
0
0
0
0
0
0
0
0
0
0
0
0
0
0
0
0
0
0
0
0
0
0
0
0
0
0
0
0
0
0
0
0
0
0
0
0
0
0
0
0
0
0
0
0
0
0
0
0
0
0
0
0
0
0
0
0
0
0
0
0
0
0
0
0
0
0
0
0
0
0
0
0
0
0
0
0
0
0
0
0
0
0
0
0
0
0
0
0
0
0
0
0
0
0
0
1
0
0
0
0
0
0
0
0
0
0
0
0
0
0
0
0
0
0
0
0
0
0
0
0
0
0
0
0
0
0
0
0
0
0
0
0
0
0
0
0
0
0
0
0
0
0
0
0
0
0
0
0
0
0
0
0
0
0
0
1
0
0
0
0
0
0
0
0
0
0
0
0
0
0
0
0
0
0
0
0
0
0
0
0
0
0
0
0
0
0
0
0
0
0
1
0
0
0
1
0
0
0
0
0
0
0
0
0
0
0
0
1
0
0
0
0
0
0
0
1
0
0
0
0
0
0
0
0
0
0
0
0
0
0
0
0
0
0
0
0
0
0
0
0
0
0
0
0
0
0
0
0
0
0
0
0
0
0
0
0
0
0
0
0
0
0
0
0
0
0
0
0
0
0
0
0
0
0
0
0
0
0
0
0
0
0
0
0
0
0
0
0
0
0
0
1
0
0
0
0
0
0
0
0
0
0
0
0
0
0
0
0
0
0
0
0
0
0
0
0
0
0
0
0
0
0
0
0
0
0
0
0
0
0
0
0
0
0
0
0
0
0
0
0
0
0
0
0
0
0
0
0
0
0
0
0
0
0
0
0
0
0
0
0
0
0
0
0
0
0
0
0
0
0
0
0
0
0
0
0
0
0
0
0
0
0
0
0
0
0
0
0
0
0
0
0
0
0
0
0
0
0
0
0
0
0
0
0
0
0
0
0
0
0
0
0
0
0
0
0
0
0
0
0
0
0
0
0
0
0
0
0
0
0
0
0
0
0
0
0
0
0
0
0
0
0
0
0
0
0
0
0
0
0
0
0
0
0
0
0
0
0
0
0
0
0
0
0
0
0
0
0
0
0
0
0
0
0
0
0
0
0
0
0
0
0
0
0
0
0
0
0
0
0
0
0
0
0
0
0
0
0
0
0
0
0
0
0
0
0
0
0
0
0
0
0
0
0
0
0
0
0
0
0
0
0
0
0
0
0
0
0
0
0
0
0
0
0
0
0
0
0
0
0
0
0
0
0
0
0
0
0
0
0
0
0
0
0
0
0
0
0
0
0
0
0
0
0
0
0
0
0
0
0
0
0
0
0
0
0
0
0
0
0
0
0
0
0
0
0
0
0
0
0
0
0
0
0
0
0
0
0
0
0
0
0
0
0
0
0
0
0
0
0
0
0
0
0
0
0
0
0
0
0
0
0
0
0
0
0
0
0
0
0
0
0
0
0
0
0
0
0
0
0
0
0
0
0
0
0
0
0
0
0
0
0
0
0
0
0
0
0
0
0
0
0
0
0
0
0
0
0
0
0
0
0
0
0
0
0
0
0
0
0
0
0
0
0
0
0
0
0
0
0
0
0
0
0
1
0
0
0
0
0
0
0
0
0
1
0
0
0
0
0
0
0
0
1
0
0
0
0
0
0
0
0
0
0
0
0
0
0
0
0
0
0
0
0
0
0
0
0
0
0
0
0
0
0
0
0
0
0
0
0
0
0
0
0
0
0
0
0
0
0
0
0
0
0
0
0
0
0
0
0
0
0
0
0
0
0
0
0
0
0
0
0
0
0
0
0
0
0
0
0
0
0
0
0
0
0
0
0
0
0
0
0
0
0
0
0
0
0
0
0
0
0
0
0
0
0
0
0
0
0
0
0
0
0
0
0
0
0
0
0
0
0
0
0
0
0
0
0
0
0
0
0
0
0
0
0
0
0
0
0
0
0
0
0
0
0
0
0
0
0
0
0
0
0
0
0
0
0
0
0
0
0
0
0
0
0
0
0
0
0
0
0
0
0
0
0
0
0
0
0
0
0
0
0
0
0
0
0
0
0
0
0
0
0
0
0
0
0
0
0
0
1
0
0
0
0
0
0
0
0
0
0
0
0
0
0
0
0
0
0
0
0
0
0
0
0
0
0
0
0
0
0
0
0
0
0
0
0
0
0
0
0
0
0
0
0
0
0
0
0
0
0
0
0
0
0
0
0
0
0
0
0
0
0
0
0
0
0
0
0
0
0
0
0
0
0
0
0
0
0
0
0
0
0
0
0
0
0
0
0
0
0
0
0
0
0
0
0
0
0
0
0
0
0
0
0
0
0
0
0
0
0
0
0
0
0
0
0
0
0
0
0
0
0
0
0
0
0
0
0
0
0
0
0
0
0
0
0
0
0
0
0
0
0
0
0
0
0
0
0
0
0
0
0
0
0
0
0
0
0
0
0
1
0
0
0
0
0
0
0
0
0
0
0
0
0
0
0
0
0
0
0
0
0
0
0
0
0
0
0
0
0
0
0
0
0
0
0
0
0
0
0
0
0
0
0
0
0
0
0
0
0
0
0
0
0
0
0
0
0
0
0
0
0
0
0
0
0
0
0
0
0
0
0
0
0
0
0
0
0
0
0
0
0
0
0
0
0
0
0
0
0
0
0
0
0
0
0
0
1
0
0
0
0
0
0
0
0
0
0
0
0
0
0
0
0
0
0
0
0
0
0
0
0
0
0
0
0
0
0
0
0
0
0
0
0
1
0
0
0
0
0
0
0
0
0
0
0
0
0
0
0
0
0
0
0
0
0
0
0
0
0
1
0
0
0
0
0
0
0
0
0
0
0
0
0
0
0
0
0
0
0
0
0
0
0
0
0
0
0
0
0
0
0
0
0
0
0
0
0
0
0
0
0
0
0
0
0
0
0
0
0
0
0
0
0
0
0
0
0
0
0
0
0
0
0
0
0
0
0
0
0
0
0
1
0
0
0
0
0
0
0
0
0
0
0
0
0
0
0
0
0
0
0
0
0
0
0
0
0
0
0
0
0
0
0
0
0
0
0
0
0
0
0
0
0
0
0
0
0
0
0
0
0
0
0
0
0
0
0
0
0
0
0
0
0
0
0
0
0
0
0
0
0
0
0
0
0
0
0
0
0
0
0
0
0
0
0
0
0
0
0
0
0
0
0
0
0
0
0
0
0
0
0
0
0
0
0
0
0
0
0
0
0
0
0
0
0
0
0
0
0
0
0
0
0
0
0
0
0
0
0
0
0
0
0
0
0
0
0
0
0
0
0
0
0
0
0
0
0
0
0
0
0
0
0
0
0
0
0
0
0
0
0
0
0
0
0
0
0
0
0
0
0
0
0
0
0
0
0
0
0
0
0
0
0
0
0
0
0
0
0
0
0
0
0
0
0
0
0
0
0
0
0
0
0
0
0
0
0
0
0
0
0
0
1
0
0
0
0
0
0
0
0
0
0
0
0
0
0
0
0
0
0
0
0
0
0
0
0
0
0
0
0
0
0
0
0
0
0
0
0
0
0
0
0
0
0
0
0
0
0
0
0
0
0
1
0
0
0
0
0
0
0
0
0
0
0
0
0
0
0
0
0
0
0
0
0
0
0
0
0
0
0
0
0
0
0
0
0
0
0
0
0
0
0
0
0
0
0
0
0
0
0
0
0
0
0
0
0
0
0
0
0
0
0
0
0
0
0
0
0
0
0
0
0
0
0
0
0
0
0
0
0
0
0
0
0
0
0
0
0
0
0
0
0
0
0
0
0
0
1
0
0
0
0
0
0
0
0
0
0
0
0
0
0
0
0
0
0
0
0
0
0
0
0
0
0
0
0
0
0
0
0
0
0
0
0
0
0
0
0
0
0
0
0
0
0
0
0
0
0
0
0
0
0
0
0
0
0
0
0
0
0
0
0
0
0
0
0
0
0
0
0
0
0
0
0
0
0
0
0
0
0
0
0
0
0
0
0
0
0
0
0
0
0
0
0
0
0
0
0
0
0
1
0
0
0
0
0
0
0
0
0
0
0
0
0
0
0
0
0
0
0
0
0
0
0
0
0
0
0
0
0
0
0
0
0
0
0
0
0
0
0
0
0
0
0
0
0
0
0
0
0
0
0
0
0
0
0
0
0
0
0
0
0
0
0
0
0
0
0
0
0
0
0
0
0
0
0
0
0
0
0
0
0
0
0
0
0
0
0
0
0
0
0
0
0
0
0
0
0
0
0
0
0
0
0
0
0
0
0
0
0
0
0
0
0
0
0
0
0
0
0
0
0
0
0
0
0
0
0
1
0
0
0
0
0
0
0
0
0
0
0
0
0
0
0
0
0
0
0
0
0
0
0
0
0
0
0
0
0
0
0
0
0
0
0
0
0
0
0
0
0
0
0
0
0
0
0
0
0
0
0
0
0
0
0
0
0
0
0
0
0
0
0
0
0
0
0
0
0
0
0
0
0
0
0
0
0
0
0
0
0
0
0
0
0
0
0
0
0
0
0
0
0
0
0
0
0
0
0
0
0
0
0
0
0
0
0
0
0
0
0
0
0
0
0
0
0
0
0
0
0
0
0
0
0
0
0
0
0
0
0
0
0
0
0
0
0
0
0
0
0
0
0
0
0
0
0
0
0
0
0
0
0
0
0
0
0
0
0
0
0
0
0
1
0
0
0
0
0
0
0
0
0
0
0
0
0
0
0
0
0
0
0
0
0
0
0
0
0
0
0
0
0
0
0
0
0
0
0
0
0
0
0
0
0
0
0
0
0
0
0
0
0
0
0
0
0
0
0
0
0
0
0
0
0
0
0
0
0
0
0
0
0
0
0
0
0
0
0
0
0
0
0
0
0
0
0
0
0
0
0
0
0
0
0
0
0
0
0
0
0
0
0
0
0
0
0
0
0
0
0
0
0
0
0
0
0
0
0
0
0
0
0
0
0
0
0
0
0
0
0
0
0
0
0
0
0
0
0
0
0
0
0
1
0
0
0
0
0
0
0
0
0
1
0
0
0
0
0
0
0
0
0
0
0
0
0
0
0
0
0
0
0
0
0
0
0
0
0
0
0
0
0
0
0
0
0
0
0
0
0
0
0
0
0
0
0
0
0
0
0
0
0
0
0
0
0
0
0
0
0
0
0
0
0
0
0
0
0
0
0
0
0
0
0
0
0
0
0
0
0
0
0
0
0
0
0
0
0
0
0
0
0
0
0
0
0
0
0
0
0
0
0
0
0
0
0
0
0
0
0
0
0
0
0
0
0
0
0
0
0
0
0
0
0
0
0
0
0
0
0
0
0
0
0
0
0
0
0
0
0
0
0
0
0
0
0
0
0
0
0
0
0
0
0
0
0
0
0
0
0
0
0
0
0
0
0
0
0
0
0
0
0
0
0
0
0
0
0
0
0
0
0
0
0
0
0
0
0
0
0
0
0
0
0
0
0
0
0
0
0
0
0
0
0
0
0
0
0
0
0
0
0
0
0
0
0
0
0
0
0
0
0
0
0
0
0
0
0
0
0
0
0
0
0
0
0
0
0
0
0
0
0
0
0
0
0
0
0
0
0
0
0
0
0
0
0
0
0
0
0
0
0
0
0
0
0
0
0
0
0
0
0
0
0
0
0
0
0
0
0
0
0
0
0
0
0
0
0
0
0
0
0
0
0
0
0
0
0
0
0
0
0
0
0
0
0
0
0
0
0
0
0
0
0
0
0
0
0
0
0
0
0
0
0
0
0
0
0
0
0
0
0
0
0
0
0
0
0
0
0
0
0
0
0
0
0
0
0
0
0
0
0
0
0
0
0
0
0
0
0
0
0
0
0
0
0
0
0
0
0
0
0
0
0
0
0
0
0
0
0
0
0
1
0
0
0
0
0
0
0
0
0
0
0
0
0
0
0
0
0
0
0
0
0
0
0
0
0
0
0
0
0
0
0
0
0
0
0
0
0
0
0
0
0
0
0
0
0
0
0
0
0
0
0
0
0
0
0
0
0
0
0
0
0
0
0
0
0
0
0
0
0
0
0
0
0
0
0
0
0
0
0
0
0
0
0
0
0
0
0
0
0
0
0
0
0
0
0
0
0
0
0
0
0
0
0
0
0
0
0
0
0
0
0
0
0
0
0
0
0
0
0
0
0
0
0
0
0
0
0
0
0
0
0
0
0
0
0
0
0
0
0
0
0
0
0
0
0
0
0
0
0
0
0
0
0
0
0
0
0
0
0
0
0
0
0
0
0
0
0
0
0
0
0
0
0
0
0
0
0
0
0
0
0
0
0
0
0
0
0
0
0
0
0
0
0
0
0
0
0
0
0
0
0
0
0
0
0
0
0
0
0
0
0
0
0
0
0
0
0
0
0
0
0
0
0
0
0
0
0
0
0
0
0
0
0
0
0
0
0
0
0
0
0
0
0
0
0
0
0
0
0
0
0
0
0
0
0
0
0
0
0
0
0
0
0
0
0
0
0
0
0
0
1
0
0
0
0
0
0
0
0
0
0
0
0
0
0
0
0
0
0
0
0
0
0
0
0
0
0
0
0
0
0
0
0
0
0
0
0
0
0
0
0
0
0
0
0
0
0
0
0
0
0
0
0
0
0
0
0
0
0
0
0
0
0
0
0
0
0
0
0
0
0
0
0
0
0
0
0
0
0
0
0
0
0
0
0
0
0
0
0
0
0
0
0
0
0
0
0
0
0
0
0
0
0
0
0
0
0
0
0
0
0
0
0
0
0
0
0
0
0
0
0
0
0
0
0
0
0
0
0
0
0
0
0
0
0
0
0
0
0
0
0
0
0
0
0
0
0
0
0
0
0
0
0
0
0
0
0
0
0
0
0
0
0
0
0
0
0
0
0
0
0
0
0
0
0
0
0
0
0
0
0
0
0
0
0
0
0
0
0
0
0
0
0
0
0
0
0
0
0
0
0
0
0
0
0
0
0
0
0
0
0
0
0
0
0
0
0
0
0
0
0
0
0
0
0
0
0
0
0
0
0
0
0
0
0
0
0
0
0
0
0
0
0
0
0
0
0
0
0
0
0
0
0
0
0
0
0
0
0
0
0
0
0
0
0
0
0
0
0
0
0
0
0
0
0
0
0
0
0
0
0
0
0
0
0
0
0
0
0
0
0
0
0
0
0
0
0
0
0
0
0
0
0
0
0
0
0
0
0
0
0
0
0
0
0
0
0
0
0
0
0
0
0
0
0
0
0
0
0
0
0
0
0
0
0
0
0
0
0
0
0
0
0
0
0
0
0
0
0
0
0
0
0
0
0
0
0
0
0
0
0
0
0
0
0
0
0
0
0
0
0
0
0
0
0
0
0
0
0
0
0
0
0
0
0
0
0
0
0
0
0
0
0
0
0
0
0
0
0
0
0
0
0
0
0
0
0
0
0
0
0
0
0
0
0
0
0
0
0
0
0
0
0
0
0
0
0
0
0
0
0
0
0
0
0
0
0
0
0
0
0
0
0
0
0
0
0
0
0
0
0
0
0
0
0
0
0
0
0
0
0
0
0
0
0
0
0
0
0
0
0
0
0
0
0
0
0
0
0
0
0
0
0
0
0
0
0
0
0
0
0
0
0
0
0
0
0
0
0
0
0
0
0
0
0
0
0
0
0
0
0
0
0
0
0
0
0
0
0
0
0
0
0
0
0
0
0
0
0
1
0
0
0
0
0
0
0
0
0
0
0
0
0
0
0
0
0
0
0
0
0
0
0
0
0
0
0
0
0
0
0
0
0
0
0
0
0
0
0
0
0
0
0
0
0
0
0
0
0
0
0
0
0
0
0
0
0
0
0
0
0
0
0
0
0
0
0
0
0
0
0
0
0
0
0
0
0
0
0
0
0
0
0
0
0
0
0
0
0
0
0
0
0
0
0
0
0
0
0
0
0
0
0
0
0
0
0
0
0
0
0
0
0
0
0
0
0
0
0
0
0
0
0
0
0
0
0
0
0
0
0
0
1
1
0
0
0
0
0
0
0
0
0
0
0
0
0
0
0
0
0
0
0
0
0
0
0
0
0
0
0
0
0
0
0
0
0
0
0
0
0
0
0
0
0
0
0
0
0
0
0
0
0
0
0
0
0
0
0
0
0
1
0
0
0
0
0
0
0
0
0
0
0
0
0
0
0
0
0
0
0
0
0
0
0
0
0
0
0
0
0
0
0
0
0
0
0
0
0
0
0
0
0
0
0
0
0
0
0
0
0
0
0
0
1
0
0
0
0
0
0
0
0
0
0
0
0
0
0
0
0
0
0
0
0
0
0
0
0
0
0
0
0
0
0
0
0
0
0
0
0
0
0
0
0
0
0
0
0
0
0
0
0
0
0
0
0
0
0
0
0
0
0
0
0
0
0
0
0
0
0
0
0
0
0
0
0
0
0
0
0
0
0
0
0
0
0
0
0
0
0
0
0
0
0
0
0
0
0
0
0
0
0
0
0
0
0
0
0
0
0
0
0
0
0
0
0
0
0
0
0
0
0
0
0
0
0
0
0
0
0
0
0
0
0
0
0
0
0
0
0
0
0
0
0
0
0
0
0
0
0
0
0
0
0
0
0
0
0
0
0
0
0
0
0
0
0
0
0
0
0
0
0
0
0
0
0
0
0
0
0
1
0
0
0
0
0
0
0
0
0
0
0
0
0
0
0
0
0
0
0
0
0
0
0
0
0
0
0
0
0
0
0
0
0
0
0
0
0
0
0
0
0
0
0
0
0
0
0
0
0
0
0
0
0
0
0
0
0
0
0
0
0
0
0
0
0
0
0
0
0
0
0
0
0
0
0
0
0
0
0
0
0
0
0
0
0
0
0
0
0
0
0
0
0
0
0
0
0
0
0
0
0
0
0
0
0
0
0
0
0
0
0
0
0
0
0
0
0
0
0
0
0
0
0
0
0
0
0
0
0
0
0
0
0
0
0
0
0
0
0
0
0
0
0
0
0
0
0
0
0
0
0
0
0
0
0
0
0
0
0
0
0
0
0
0
0
0
0
0
0
0
0
0
0
0
0
0
0
0
0
0
0
0
0
0
0
0
0
0
0
0
0
0
0
0
0
0
0
0
0
0
0
0
0
0
0
0
0
0
0
0
0
0
0
0
0
0
0
0
0
0
0
0
0
0
0
0
0
0
0
0
0
0
0
0
0
0
0
0
0
0
0
0
0
0
0
0
0
0
0
0
0
0
0
0
0
0
0
0
0
0
0
0
0
0
0
0
0
0
0
0
0
0
0
0
0
0
0
0
0
0
0
0
0
0
0
0
0
0
0
0
0
0
0
0
0
0
0
0
0
0
0
0
0
0
0
0
0
0
0
0
0
0
0
0
0
0
0
0
0
0
0
0
0
0
0
0
0
0
0
0
0
0
0
0
0
0
0
0
0
0
0
0
0
0
0
0
0
0
0
0
0
0
0
0
0
0
0
0
0
0
0
0
0
0
0
0
0
0
0
0
0
0
0
0
0
0
0
0
0
0
0
0
0
0
0
0
0
0
0
0
0
0
0
0
0
0
0
0
0
0
0
0
0
0
0
0
0
0
0
0
0
0
0
0
0
0
0
0
0
0
0
0
0
0
0
0
0
0
0
0
0
0
0
0
0
0
0
0
0
0
0
0
0
0
0
0
0
0
0
0
0
0
0
0
0
0
0
0
0
0
0
0
0
0
0
0
0
0
0
0
0
0
0
0
0
0
0
0
0
0
0
0
0
0
0
0
0
0
0
0
0
0
0
0
0
0
0
0
0
0
0
0
0
0
0
0
0
0
0
0
0
0
0
0
0
0
0
0
0
0
0
0
0
0
0
0
0
0
0
0
0
0
0
0
0
0
0
0
0
0
0
0
0
0
0
0
0
0
0
0
0
0
0
0
0
0
0
0
0
0
0
0
0
0
0
0
0
1
0
0
0
0
0
0
0
0
0
0
0
0
0
0
0
0
0
0
0
0
0
0
0
0
0
0
0
0
0
0
0
0
0
0
0
0
0
0
0
0
0
0
0
0
0
0
0
0
0
0
0
0
0
0
0
0
0
0
0
0
0
0
0
0
0
0
0
0
0
0
0
0
0
0
0
0
0
0
0
0
0
0
0
0
0
0
0
0
0
0
0
0
0
0
0
0
0
0
0
0
0
0
0
0
0
0
0
0
0
0
0
0
0
0
0
0
0
0
0
0
0
0
0
0
0
0
0
0
0
0
0
0
0
0
0
0
0
0
0
0
0
0
0
0
0
0
0
0
0
0
0
0
0
0
0
0
0
0
0
0
0
0
0
0
0
0
0
0
0
0
0
0
0
0
0
0
0
0
0
0
0
0
0
0
0
0
0
0
0
0
0
0
0
0
0
0
0
0
0
0
0
0
0
0
0
0
0
0
0
0
0
0
0
0
0
0
0
0
0
0
0
0
0
0
0
0
0
0
0
0
0
0
0
0
0
0
0
0
0
0
0
0
0
0
0
0
0
0
0
0
0
0
0
0
0
0
0
0
0
0
0
0
0
0
0
0
0
0
0
0
0
0
0
0
0
0
0
0
0
0
0
0
0
0
0
0
0
0
0
0
0
0
0
0
0
0
0
0
0
0
0
0
0
0
0
0
0
0
0
0
0
0
0
0
0
0
0
0
0
0
0
0
0
0
0
0
0
0
0
0
0
0
0
0
0
0
0
0
0
0
0
0
0
0
0
0
0
0
0
0
0
0
0
0
0
0
0
0
0
0
0
0
0
0
0
0
0
0
0
0
0
0
0
0
0
0
0
0
0
0
0
0
0
0
0
0
0
0
0
0
0
0
0
0
0
0
0
0
0
0
0
0
0
0
0
0
0
0
0
0
0
0
0
0
0
0
0
0
0
0
0
0
0
0
0
0
0
0
0
0
0
0
0
0
0
0
0
0
0
0
0
0
0
0
0
0
0
0
0
0
0
0
0
0
0
0
0
0
0
0
0
0
0
0
0
0
0
0
0
0
0
0
0
0
0
0
0
0
0
0
0
0
0
0
0
0
0
0
0
0
0
0
0
0
0
0
0
0
0
0
0
0
0
0
0
0
0
0
0
0
0
0
0
0
0
0
0
0
0
1
