
                     
                     
                     
                     
                     
                     
                     
                     
                     
                     
                     
                     
                     
                     
                     
                     
                     
                     
                     
                     
                     

                     
                     
                     
                     
                     
                     
                     
                     
                     
                     
                     
                     
                     
                     
                     
                     
                     
                     
                     
                     
                     

                     
                     
                     
                     
                     
                     
                     
                     
                     
                     
                     
                     
                     
                     
                     
                     
                     
                     
                     
                     
                     

                     
                     
                     
                     
                     
                     
                     
                     
                     
                     
                     
                     
                     
                     
                     
                     
                     
                     
                     
                     
                     

                     
                     
                     
                     
                     
                     
                     
                     
                     
                     
                     
                     
                     
                     
                     
                     
                     
                     
                     
                     
                     

                     
                     
                     
                     
                     
                     
                     
                     
                     
                     
          0          
                     
                     
                     
                     
                     
                     
                     
                     
                     
                     

                     
                     
                     
                     
                     
                     
                     
                     
                     
         421         
         200         
         401         
                     
                     
                     
                     
                     
                     
                     
                     
                     

                     
                     
                     
                     
                     
                     
                     
                     
        41013        
        04111        
        11000        
        40231        
        42234        
                     
                     
                     
                     
                     
                     
                     
                     

                     
                     
                     
                     
                     
                     
                     
       0402201       
       1114140       
       0040001       
       4410011       
       4201500       
       2013000       
       0110210       
                     
                     
                     
                     
                     
                     
                     

                     
                     
                     
                     
                     
                     
      010002000      
      024144102      
      000231201      
      012331111      
      144041402      
      010210300      
      312124010      
      020110010      
      002010110      
                     
                     
                     
                     
                     
                     

                     
                     
                     
                     
                     
     00000002000     
     00110401300     
     01100401220     
     01020444410     
     01401520201     
     41301401111     
     03100102000     
     14340240110     
     01404011011     
     00113024210     
     00013300000     
                     
                     
                     
                     
                     

                     
                     
                     
                     
    0000011300000    
    0000312240000    
    0013110103000    
    0032120003000    
    1131131214010    
    1100232200410    
    0003444440210    
    0141444041020    
    0013121111400    
    0211210421410    
    0011120231000    
    0001012002000    
    0000000010000    
                     
                     
                     
                     

                     
                     
                     
   000000100000000   
   000001130100000   
   000012510100000   
   000111420311000   
   004233201420000   
   003021141020100   
   000430404102100   
   012340144444300   
   000233240441000   
   013222113031400   
   010100454430300   
   002102143110000   
   000004113420100   
   000000000100000   
   000000000000000   
                     
                     
                     

                     
                     
  00000000000000000  
  00000001000000000  
  00000112201200000  
  00000113401000000  
  00001502211222000  
  00021131012133000  
  00042104125114000  
  00322144415024000  
  00140104432442000  
  00201400434124200  
  00001010405012200  
  00141016441421000  
  00040304104531000  
  00001000414410000  
  00000201021000000  
  00000000000000000  
  00000000000000000  
                     
                     

                     
 0000000000000000000 
 0000000000100000000 
 0000000001020000000 
 0000010224011000000 
 0001014442424201000 
 0000334211400011000 
 0001230101042130000 
 0004112433440440000 
 0121440104424610010 
 0034441414134414000 
 0003444040440144000 
 0001234144301423000 
 0001001404343131000 
 0000024244414131000 
 0000010444143110000 
 0000000445201100000 
 0000000000100000000 
 0000000000000000000 
 0000000000000000000 
                     

000000000000000000000
000000044434443000000
000144444454454420000
000444444444444441000
000444444454444443000
013464444444444444210
044444444444444444430
024444444444444444440
044444444444444444440
044444444454444444440
144444444444445444440
044444444545444444440
014444444444454444440
024444444444444444440
023444444454444444420
003444444444444444410
004444444444444444300
001354544544444441000
000123444444444400000
000000344444433000000
000000000001000000000
 
Total grains in the pile: 2586
