0
0
0
0
451
406
894
1674
1086
884
703
678
477
697
278
111
73
81
67
48
62
45
46
48
38
27
33
33
23
31
21
29
27
23
27
22
21
20
13
14
19
12
14
11
11
15
8
16
14
8
12
10
10
10
3
8
11
9
2
7
3
5
9
10
8
7
7
8
9
4
4
2
4
7
8
6
4
4
4
2
2
4
5
4
3
4
2
3
7
2
6
1
5
3
4
5
0
4
4
11
6
3
2
3
7
4
0
2
6
1
1
0
3
1
0
6
1
4
3
3
4
4
2
5
2
2
2
0
2
4
0
3
4
1
1
1
2
3
0
3
3
1
2
1
1
2
3
3
3
3
3
2
2
2
2
1
2
2
1
3
2
2
0
1
1
1
0
4
2
2
1
4
0
2
3
2
0
0
3
4
0
2
1
1
0
1
0
1
0
2
0
0
0
0
1
1
1
2
0
0
2
3
3
0
0
1
2
0
1
0
1
1
2
0
1
0
0
2
1
2
2
1
3
1
2
2
3
1
2
0
0
1
0
2
1
0
0
0
0
0
0
0
0
2
0
1
1
2
0
0
0
4
1
1
0
1
2
2
0
1
2
3
0
0
1
1
1
0
1
2
0
0
1
1
3
0
1
1
1
2
1
1
0
0
0
1
2
1
0
1
2
0
2
1
0
3
1
0
0
3
0
1
1
0
0
1
1
1
0
0
0
2
0
2
1
0
0
1
0
0
0
0
0
1
0
1
3
1
1
0
0
0
1
0
0
2
1
1
0
0
1
2
0
0
2
1
1
0
0
2
0
1
0
0
0
0
0
0
0
2
1
0
0
0
0
0
0
1
0
0
0
1
2
0
0
0
0
0
2
0
1
1
0
2
1
0
0
0
0
0
0
0
0
1
1
0
0
0
0
0
1
0
0
2
0
0
1
0
0
0
1
0
0
0
0
0
2
0
1
0
0
0
0
1
0
0
0
2
1
1
1
0
1
0
1
0
0
0
0
0
1
0
0
2
0
0
0
0
0
0
1
0
0
0
0
1
0
1
0
0
0
0
0
1
1
0
0
0
1
1
0
0
0
0
0
0
0
0
0
0
1
0
0
0
0
0
0
0
0
0
0
0
0
0
1
0
0
0
0
0
0
1
0
0
0
0
0
0
0
0
0
0
0
0
0
0
2
0
0
0
0
0
1
0
0
0
0
0
0
0
0
0
0
0
0
0
0
0
0
0
0
0
0
0
0
0
0
1
0
0
0
0
0
0
1
0
0
0
0
0
0
0
0
0
0
0
0
0
1
0
0
0
0
0
0
0
0
0
0
0
0
0
0
1
0
0
0
0
0
0
0
0
1
0
0
0
0
0
0
0
0
0
0
0
0
0
1
0
0
0
0
0
0
0
0
0
0
0
0
0
0
0
0
0
0
0
0
0
0
1
0
0
0
0
0
0
0
0
0
0
0
0
0
0
0
0
0
0
0
0
0
0
0
1
0
0
0
0
0
0
0
0
0
0
0
0
0
0
0
1
0
0
0
0
0
0
0
0
0
0
0
0
0
0
0
0
0
0
1
0
0
0
0
1
0
0
1
0
0
0
0
0
0
0
0
0
0
0
0
0
0
0
0
0
0
0
0
0
0
0
0
0
0
0
0
0
0
0
0
0
0
0
0
0
0
0
0
0
0
0
0
0
0
0
0
0
0
0
0
0
0
0
0
0
0
0
0
0
0
0
0
0
0
0
0
0
0
0
0
0
0
0
0
0
0
0
0
0
0
0
0
0
0
0
0
0
0
0
0
0
0
0
0
0
0
0
0
0
0
0
0
0
0
0
0
0
0
0
0
0
0
0
0
0
0
0
0
0
0
0
0
0
0
0
0
0
0
0
0
0
0
0
0
0
0
0
0
0
0
0
0
0
0
0
0
0
0
0
0
0
0
0
0
0
0
0
0
0
0
0
0
0
0
0
0
0
0
0
0
0
0
0
0
0
0
0
0
0
0
0
0
0
0
0
0
0
0
0
0
0
0
0
0
0
0
0
0
0
0
0
0
0
0
0
0
0
0
0
0
0
0
0
0
0
0
0
0
0
0
0
0
0
0
0
0
0
0
0
0
0
0
0
0
0
0
0
0
0
0
0
0
0
0
0
0
0
0
0
0
0
0
0
0
0
0
0
0
0
0
0
0
0
0
0
0
0
0
0
0
0
0
0
0
0
0
0
0
0
0
0
0
0
0
1
