
000000000000000000000
000000000000000000000
000000000000000000000
000000000000000000000
000000000000000000000
000000000000000000000
000000000000000000000
000000000000000000000
000000000000000000000
000000000000000000000
000000000000000000000
000000000000000000000
000000000000000000000
000000000000000000000
000000000000000000000
000000000000000000000
000000000000000000000
000000000000000000000
000000000000000000000
000000000000000000000
000000000000000000000

000000000000000000000
000000000000000000000
000000000000000000000
000000000000000000000
000000000000000000000
000000000000000000000
000000000000000000000
000000000000000000000
000000000000000000000
000000000000000000000
000000000000000000000
000000000000000000000
000000000000000000000
000000000000000000000
000000000000000000000
000000000000000000000
000000000000000000000
000000000000000000000
000000000000000000000
000000000000000000000
000000000000000000000

000000000000000000000
000000000000000000000
000000000000000000000
000000000000000000000
000000000000000000000
000000000000000000000
000000000000000000000
000000000000000000000
000000000000000000000
000000000000000000000
000000000000000000000
000000000000000000000
000000000000000000000
000000000000000000000
000000000000000000000
000000000000000000000
000000000000000000000
000000000000000000000
000000000000000000000
000000000000000000000
000000000000000000000

000000000000000000000
000000000000000000000
000000000000000000000
000000000000000000000
000000000000000000000
000000000000000000000
000000000000000000000
000000000000000000000
000000000000000000000
000000000000000000000
000000000000000000000
000000000000000000000
000000000000000000000
000000000000000000000
000000000000000000000
000000000000000000000
000000000000000000000
000000000000000000000
000000000000000000000
000000000000000000000
000000000000000000000

000000000000000000000
000000000000000000000
000000000000000000000
000000000000000000000
000000000000000000000
000000000000000000000
000000000000000000000
000000000000000000000
000000000000000000000
000000000000000000000
000000000000000000000
000000000000000000000
000000000000000000000
000000000000000000000
000000000000000000000
000000000000000000000
000000000000000000000
000000000000000000000
000000000000000000000
000000000000000000000
000000000000000000000

000000000000000000000
000000000000000000000
000000000000000000000
000000000000000000000
000000000000000000000
000000000000000000000
000000000000000000000
000000000000000000000
000000000000000000000
000000000000000000000
000000000040000000000
000000000000000000000
000000000000000000000
000000000000000000000
000000000000000000000
000000000000000000000
000000000000000000000
000000000000000000000
000000000000000000000
000000000000000000000
000000000000000000000

000000000000000000000
000000000000000000000
000000000000000000000
000000000000000000000
000000000000000000000
000000000000000000000
000000000000000000000
000000000000000000000
000000000000000000000
000000000454000000000
000000000444000000000
000000000403000000000
000000000000000000000
000000000000000000000
000000000000000000000
000000000000000000000
000000000000000000000
000000000000000000000
000000000000000000000
000000000000000000000
000000000000000000000

000000000000000000000
000000000000000000000
000000000000000000000
000000000000000000000
000000000000000000000
000000000000000000000
000000000000000000000
000000000000000000000
000000004344300000000
000000002404400000000
000000001344300000000
000000005240400000000
000000004444400000000
000000000000000000000
000000000000000000000
000000000000000000000
000000000000000000000
000000000000000000000
000000000000000000000
000000000000000000000
000000000000000000000

000000000000000000000
000000000000000000000
000000000000000000000
000000000000000000000
000000000000000000000
000000000000000000000
000000000000000000000
000000041222020000000
000000033144040000000
000000015401440000000
000000024442240000000
000000044430210000000
000000024411140000000
000000014432400000000
000000000000000000000
000000000000000000000
000000000000000000000
000000000000000000000
000000000000000000000
000000000000000000000
000000000000000000000

000000000000000000000
000000000000000000000
000000000000000000000
000000000000000000000
000000000000000000000
000000000000000000000
000000144352010000000
000000041424310000000
000000440542033000000
000000442413443000000
000000154411443000000
000000424002342000000
000000314440421000000
000000141442133000000
000000114044201000000
000000000000000000000
000000000000000000000
000000000000000000000
000000000000000000000
000000000000000000000
000000000000000000000

000000000000000000000
000000000000000000000
000000000000000000000
000000000000000000000
000000000000000000000
000000032351441000000
000000211144040000000
000001441444431100000
000004433021213200000
000004444433412200000
000003442104244300000
000002542243444400000
000001440444020200000
000001243004044100000
000001124111222000000
000001340214100100000
000000000000000000000
000000000000000000000
000000000000000000000
000000000000000000000
000000000000000000000

000000000000000000000
000000000000000000000
000000000000000000000
000000000000000000000
000000101342241000000
000003223044043200000
000010312444454420000
000044304244435150000
000013343404404040000
000032440000424110000
000013213445014410000
000042344110412140000
000022513434144330000
000034401041224220000
000010144201124020000
000002034444100100000
000001144142000000000
000000000000000000000
000000000000000000000
000000000000000000000
000000000000000000000

000000000000000000000
000000000000000000000
000000000000000000000
000001221444210000000
000001241444331100000
000011440414404410000
000114154144214140000
000234444214532113000
000340244341340054000
000113444444124240000
000224434424231004000
000014044444201121000
000414440242334442000
000001424313145421000
000334344144414401000
000014141441424212000
000001343344242100000
000000140243111100000
000000000000000000000
000000000000000000000
000000000000000000000

000000000000000000000
000000000000000000000
000000001444300000000
000001210443222100000
000000532414044020000
000144444444444212000
000141012044144343000
000442340434044102100
003434442142054024300
004244211414141450400
002424442414441440000
004412144404444444100
004111444422444451000
000415444044514414300
000344044014411121100
000244444334444112000
000001344211340330000
000000040444452100000
000000004044300000000
000000000000000000000
000000000000000000000

000000000000000000000
000000002240100000000
000000140424401100000
000002424033414210000
000011134444454440000
000044400444150341000
000111341140244445210
004444324440004441200
012444144144440544410
023344444241044444440
041244442444414444140
011444444344435444340
004111441144044444100
003114424044414240400
000414453444441024010
000244444444444454000
000034441444211403000
000013324044403100000
000000045444410000000
000000001232000000000
000000000000000000000

000000011040000000000
044444444444444444440
044444444454544444440
044445444454444444440
044444444444444444440
044444444454544454640
044544444544444444440
044444444444444445440
144444444464444444450
044444444444444444440
244445444444454444442
044444444444444445441
144444445444444444441
044454444444444444440
044444444444444444440
044444444444445544440
044444444444444444440
044444444444444454440
044544444444447444440
044454444444444444440
000000000120000000000
 
Total grains in the pile: 4552
