0
0
0
0
1127
18470
20019
16815
12996
6799
5035
2938
1745
1317
819
525
423
361
318
295
259
239
225
212
192
175
165
172
159
127
122
120
118
105
108
94
101
92
79
79
89
88
71
77
60
58
72
79
66
67
62
72
52
53
66
70
61
52
58
55
44
40
46
43
57
40
47
43
48
44
26
41
30
35
48
48
43
40
37
32
29
35
44
30
36
30
32
49
36
31
34
28
33
29
31
34
31
24
37
38
39
20
17
25
31
27
32
20
12
16
23
20
25
22
17
27
17
22
21
21
26
25
20
18
13
26
25
19
28
18
17
19
24
20
15
16
28
22
20
16
16
12
15
18
21
14
19
17
8
14
14
14
14
10
12
12
13
14
19
11
16
11
18
11
13
9
11
11
18
15
22
13
15
12
17
17
15
12
15
12
14
18
15
9
11
12
19
11
8
8
13
8
9
3
11
11
12
9
16
11
13
6
14
15
8
10
6
11
14
12
14
10
14
9
10
8
12
8
10
10
12
9
13
11
12
8
11
6
12
11
6
11
12
3
10
11
15
7
7
4
7
10
3
11
9
11
11
4
8
14
7
9
7
8
5
10
4
7
6
10
5
8
10
9
5
7
8
3
11
9
8
7
4
6
7
9
7
3
9
8
10
5
8
10
8
10
8
7
6
14
5
7
10
12
6
6
11
7
5
10
7
6
7
3
12
5
7
7
9
4
11
2
7
4
5
8
8
6
9
8
5
2
6
6
5
5
9
5
5
8
5
3
8
7
6
7
6
9
8
5
4
5
4
2
7
3
4
9
8
4
3
4
6
10
5
3
5
6
5
5
6
4
4
7
6
7
3
6
3
6
0
6
9
4
4
5
8
4
6
2
3
4
6
5
7
6
2
2
5
7
0
2
8
3
5
3
4
2
5
6
2
2
7
6
6
1
10
2
3
4
3
3
5
6
4
3
5
4
4
1
1
1
10
4
5
8
3
5
6
3
5
1
4
7
1
5
2
2
2
2
5
5
6
2
2
2
5
2
3
4
0
3
6
4
5
4
1
4
2
3
0
4
2
4
7
5
5
4
0
3
5
5
4
7
1
2
5
3
1
4
1
2
3
3
5
1
2
4
2
6
4
3
6
6
6
6
2
4
4
1
3
3
1
4
6
2
4
3
4
0
3
5
4
2
1
3
2
5
2
3
2
2
2
2
3
3
4
2
4
2
4
2
2
3
2
2
2
3
4
5
2
5
0
2
5
3
0
1
3
6
3
5
1
2
4
5
3
2
0
2
1
1
2
1
5
2
3
1
2
5
2
1
1
3
0
1
5
2
1
1
2
1
1
0
2
0
3
1
3
1
6
0
1
3
1
2
2
4
0
0
1
3
3
3
1
2
3
2
2
1
4
3
3
1
4
2
1
2
1
1
4
2
2
1
3
3
2
2
2
1
0
1
1
1
3
4
1
1
3
1
4
3
1
2
3
1
5
4
2
2
0
1
2
2
1
3
0
1
2
0
2
0
2
0
1
3
0
2
1
0
0
0
2
2
1
2
1
3
1
1
2
1
1
3
2
0
1
1
0
4
2
0
1
0
1
1
4
2
1
3
1
4
1
2
1
0
3
1
2
0
0
1
0
2
2
0
0
0
2
1
0
0
0
1
0
2
1
0
1
0
1
0
0
1
1
3
2
1
0
2
2
1
2
0
1
2
0
1
1
3
2
0
0
1
2
1
1
1
2
3
0
0
3
0
2
0
2
0
1
0
0
3
2
2
0
1
1
1
0
1
1
1
1
0
1
1
2
2
1
2
2
2
1
0
0
1
0
0
0
2
0
1
0
2
2
1
0
0
0
2
1
0
1
0
0
1
0
1
1
1
0
2
2
0
0
1
0
0
2
1
1
1
1
2
0
0
0
0
0
4
1
3
1
2
0
2
0
1
0
0
0
2
1
2
1
0
0
1
0
0
1
0
0
0
3
1
0
1
0
0
1
1
0
1
2
1
0
0
2
2
1
0
1
0
0
1
0
0
1
0
0
1
0
1
0
0
1
2
1
1
2
1
2
0
0
1
1
0
1
2
0
0
0
0
0
1
0
0
0
1
1
1
0
0
0
0
0
2
0
1
2
1
1
0
0
0
0
1
0
2
2
2
1
2
1
1
0
1
1
1
0
1
0
0
0
1
1
2
2
1
0
2
0
1
1
1
0
1
1
0
0
1
0
1
0
0
0
0
0
1
0
0
2
0
1
0
0
2
0
1
0
0
1
0
0
2
0
1
1
1
3
0
0
0
0
0
1
0
2
0
2
1
1
1
0
1
1
0
1
1
0
0
0
0
0
1
0
1
3
0
1
1
0
0
0
0
0
0
0
0
0
0
0
0
0
0
0
0
0
0
0
1
0
0
0
1
1
0
1
2
1
0
0
1
0
0
1
0
1
0
0
1
0
0
0
0
0
0
2
1
0
1
1
0
0
0
2
0
0
0
0
1
0
1
0
0
0
0
0
0
0
0
0
0
0
0
0
0
0
0
1
1
0
0
0
1
0
1
0
0
0
1
0
1
0
0
2
0
0
0
0
0
0
2
0
1
0
0
0
0
0
0
0
0
0
0
0
0
0
1
0
0
0
0
0
0
0
0
0
0
0
0
0
0
0
0
0
0
2
0
0
0
0
0
0
1
0
1
0
0
2
0
0
0
1
1
1
0
0
2
0
0
0
0
0
1
1
0
0
1
0
1
0
0
0
0
0
1
0
1
0
0
1
0
0
0
0
0
1
0
0
0
0
0
1
0
0
0
0
0
0
0
0
0
0
1
0
0
0
0
1
0
0
0
0
0
0
0
0
1
0
0
0
0
0
0
0
0
0
0
0
0
0
0
1
0
0
0
0
0
0
0
0
0
0
0
0
1
0
1
0
0
0
0
0
1
0
0
0
0
0
0
0
0
0
0
0
0
0
0
2
0
0
1
0
0
0
0
0
0
0
0
0
1
1
0
0
0
0
0
0
0
0
0
0
0
0
0
0
0
0
0
0
0
0
0
0
0
1
0
0
0
0
1
0
0
0
0
0
0
0
0
0
0
0
0
0
0
0
0
0
0
1
0
0
0
0
0
0
0
0
0
1
0
0
0
0
1
0
0
0
0
0
0
0
0
0
0
0
0
0
0
0
0
0
0
0
0
0
1
0
0
0
0
0
0
1
0
0
0
0
0
0
0
0
0
0
0
0
0
0
0
0
0
0
0
1
0
0
0
0
0
0
0
0
0
0
0
0
0
1
0
0
0
0
0
0
1
0
0
0
0
0
1
0
0
1
1
0
0
0
0
0
0
0
0
0
0
0
0
0
0
0
0
0
0
0
0
0
0
0
0
0
0
0
1
0
0
0
0
0
0
0
0
0
0
0
0
0
0
0
0
0
0
0
0
0
0
0
0
0
0
0
0
0
0
0
0
0
0
0
1
0
0
1
0
0
0
0
0
0
0
0
0
0
0
0
0
0
0
0
0
0
0
0
0
0
0
0
0
0
0
0
0
0
0
0
0
0
0
0
0
0
0
0
0
0
0
0
0
0
0
0
0
0
0
0
0
0
0
0
0
0
0
0
0
0
0
0
0
0
0
0
0
0
0
0
0
1
0
0
0
0
0
0
1
0
0
0
0
0
0
0
0
0
1
0
0
0
0
0
0
0
0
0
0
0
0
0
0
0
0
0
0
0
0
0
0
0
0
0
0
0
0
0
0
0
0
0
0
0
0
0
0
0
0
0
0
0
0
0
0
0
0
0
0
0
0
0
0
0
0
0
1
0
0
0
0
0
0
0
0
0
0
0
0
0
0
0
0
0
0
0
0
0
0
0
0
0
0
0
0
0
0
0
0
0
0
0
0
0
0
0
0
0
0
0
1
0
0
0
0
0
0
1
0
0
0
0
0
0
1
0
0
0
0
0
0
0
0
0
0
0
0
0
0
0
0
0
0
0
0
0
0
0
0
0
0
0
0
0
0
0
0
0
0
0
0
0
0
0
0
0
0
0
0
0
0
0
0
0
0
0
0
0
0
0
0
0
0
0
0
0
0
0
0
1
0
0
0
0
0
0
0
0
0
0
0
0
0
0
0
0
0
0
0
0
0
0
0
0
0
0
0
0
0
0
0
0
0
0
0
0
0
0
0
0
0
0
0
0
0
0
0
0
0
0
0
0
0
0
0
0
0
0
0
0
0
0
0
0
0
0
0
0
0
0
0
0
0
0
0
0
0
0
0
0
0
0
0
0
0
0
0
0
0
0
0
0
0
0
0
0
0
0
0
0
0
0
0
0
0
0
0
0
0
0
0
0
0
0
0
0
0
0
0
0
0
0
0
0
0
0
0
0
0
0
0
0
0
0
0
0
0
0
0
0
0
0
0
0
0
0
0
0
0
0
0
0
0
0
0
0
0
0
0
0
0
0
0
0
0
0
0
0
0
1
0
0
0
0
0
0
0
0
0
0
0
0
0
0
0
0
0
0
0
0
0
0
0
0
0
0
0
0
0
0
0
0
0
0
0
0
0
0
0
0
0
0
0
0
0
0
0
0
0
0
0
0
0
0
0
0
0
0
0
0
0
0
0
0
0
0
0
0
0
0
0
0
0
0
0
0
0
0
0
0
0
0
0
0
0
0
0
0
0
0
0
0
0
0
0
0
0
0
0
0
0
0
0
0
0
0
0
0
0
0
0
0
0
0
0
0
0
0
0
0
0
0
0
0
0
0
0
0
0
0
0
0
0
0
0
0
0
0
0
0
0
0
0
0
0
0
0
0
0
0
0
0
0
0
0
0
0
0
0
0
0
0
0
0
0
0
0
0
0
0
0
0
0
0
0
0
0
0
0
0
0
0
0
0
0
0
0
0
0
0
0
0
0
0
0
0
0
0
0
0
0
0
0
0
0
0
0
0
0
0
0
0
0
0
0
0
0
0
0
0
0
0
0
0
0
0
0
0
0
0
0
0
0
0
0
0
0
0
0
0
0
0
0
0
0
0
0
0
0
0
0
0
0
0
0
0
0
0
0
0
0
0
0
0
0
0
0
0
0
0
0
0
0
0
0
0
0
0
0
0
0
0
0
0
0
0
0
0
0
0
0
0
0
0
0
0
0
0
0
0
0
0
0
0
0
0
0
0
0
0
0
0
0
0
0
0
0
0
0
0
0
0
0
0
0
0
0
0
0
0
0
0
0
0
0
0
0
0
0
0
0
0
0
0
0
0
0
0
0
0
0
0
0
0
0
0
0
0
0
0
0
0
0
0
0
0
0
0
0
0
0
0
0
0
0
0
0
0
0
0
0
0
0
0
0
0
0
0
0
0
0
0
0
0
0
0
0
0
0
0
0
0
0
0
0
0
0
0
0
0
0
0
0
0
0
0
0
0
0
0
0
0
0
0
0
0
0
0
0
0
0
0
0
0
0
0
0
0
0
0
0
0
0
0
0
0
0
0
0
0
0
0
0
0
0
0
0
0
0
0
0
0
0
0
1
