
000000000000000000000
000000000000000000000
000000000000000000000
000000000000000000000
000000000000000000000
000000000000000000000
000000000000000000000
000000000000000000000
000000000000000000000
000000000000000000000
000000000000000000000
000000000000000000000
000000000000000000000
000000000000000000000
000000000000000000000
000000000000000000000
000000000000000000000
000000000000000000000
000000000000000000000
000000000000000000000
000000000000000000000

000000000000000000000
000000000000000000000
000000000000000000000
000000000000000000000
000000000000000000000
000000000000000000000
000000000000000000000
000000000000000000000
000000000000000000000
000000000000000000000
000000000000000000000
000000000000000000000
000000000000000000000
000000000000000000000
000000000000000000000
000000000000000000000
000000000000000000000
000000000000000000000
000000000000000000000
000000000000000000000
000000000000000000000

000000000000000000000
000000000000000000000
000000000000000000000
000000000000000000000
000000000000000000000
000000000000000000000
000000000000000000000
000000000000000000000
000000000000000000000
000000000000000000000
000000000000000000000
000000000000000000000
000000000000000000000
000000000000000000000
000000000000000000000
000000000000000000000
000000000000000000000
000000000000000000000
000000000000000000000
000000000000000000000
000000000000000000000

000000000000000000000
000000000000000000000
000000000000000000000
000000000000000000000
000000000000000000000
000000000000000000000
000000000000000000000
000000000000000000000
000000000000000000000
000000000000000000000
000000000000000000000
000000000000000000000
000000000000000000000
000000000000000000000
000000000000000000000
000000000000000000000
000000000000000000000
000000000000000000000
000000000000000000000
000000000000000000000
000000000000000000000

000000000000000000000
000000000000000000000
000000000000000000000
000000000000000000000
000000000000000000000
000000000000000000000
000000000000000000000
000000000000000000000
000000000000000000000
000000000000000000000
000000000000000000000
000000000000000000000
000000000000000000000
000000000000000000000
000000000000000000000
000000000000000000000
000000000000000000000
000000000000000000000
000000000000000000000
000000000000000000000
000000000000000000000

000000000000000000000
000000000000000000000
000000000000000000000
000000000000000000000
000000000000000000000
000000000000000000000
000000000000000000000
000000000000000000000
000000000000000000000
000000000000000000000
000000000010000000000
000000000000000000000
000000000000000000000
000000000000000000000
000000000000000000000
000000000000000000000
000000000000000000000
000000000000000000000
000000000000000000000
000000000000000000000
000000000000000000000

000000000000000000000
000000000000000000000
000000000000000000000
000000000000000000000
000000000000000000000
000000000000000000000
000000000000000000000
000000000000000000000
000000000000000000000
000000000110000000000
000000000022000000000
000000000022000000000
000000000000000000000
000000000000000000000
000000000000000000000
000000000000000000000
000000000000000000000
000000000000000000000
000000000000000000000
000000000000000000000
000000000000000000000

000000000000000000000
000000000000000000000
000000000000000000000
000000000000000000000
000000000000000000000
000000000000000000000
000000000000000000000
000000000000000000000
000000003441100000000
000000004400100000000
000000004255400000000
000000002234100000000
000000000224500000000
000000000000000000000
000000000000000000000
000000000000000000000
000000000000000000000
000000000000000000000
000000000000000000000
000000000000000000000
000000000000000000000

000000000000000000000
000000000000000000000
000000000000000000000
000000000000000000000
000000000000000000000
000000000000000000000
000000000000000000000
000000023401120000000
000000022001120000000
000000022420000000000
000000024013320000000
000000041312430000000
000000013334100000000
000000031012140000000
000000000000000000000
000000000000000000000
000000000000000000000
000000000000000000000
000000000000000000000
000000000000000000000
000000000000000000000

000000000000000000000
000000000000000000000
000000000000000000000
000000000000000000000
000000000000000000000
000000000000000000000
000000123004001000000
000000102444034000000
000000114212400000000
000000144410114000000
000000200212114000000
000000041213401000000
000000143224303000000
000000014043423000000
000000020442001000000
000000000000000000000
000000000000000000000
000000000000000000000
000000000000000000000
000000000000000000000
000000000000000000000

000000000000000000000
000000000000000000000
000000000000000000000
000000000000000000000
000000000000000000000
000000111411311000000
000002034340014000000
000004142140214100000
000004111124103400000
000001110110204100000
000000341014244100000
000004514114222100000
000003114201311000000
000003014441024000000
000002124042110000000
000000233302212000000
000000000000000000000
000000000000000000000
000000000000000000000
000000000000000000000
000000000000000000000

000000000000000000000
000000000000000000000
000000000000000000000
000000000000000000000
000000111030100000000
000003123220411110000
000030110211010000000
000021122011212210000
000011340044023140000
000030200100441210000
000010304401341410000
000011041421103020000
000003222001104020000
000043321143414010000
000000431401001000000
000000000141230200000
000000020005420000000
000000000000000000000
000000000000000000000
000000000000000000000
000000000000000000000

000000000000000000000
000000000000000000000
000000000000000000000
000000121000210000000
000000412002130000000
000010313032133000000
000104001114410130000
000120030432103201000
000002240034413010000
000001021400101320000
000004444414340430000
000411114142412131000
000302134124010102000
000131242040010211000
000020303421130011000
000010131141241410000
000001024244423000000
000000000431110000000
000000000000000000000
000000000000000000000
000000000000000000000

000000000000000000000
000000000000000000000
000000001340000000000
000000214404410100000
000013221343044300000
000023301024144300000
000204001355033410000
001401400044422144000
001002324141300244100
000003013404310211000
002113424412101344400
002142314104123214100
000402441014241022000
000011404040142302000
000042554322250202000
000012044121214110000
000003444241004001000
000000114034421000000
000000000012100000000
000000000000000000000
000000000000000000000

000000000000000000000
000000001140100000000
000000021344331000000
000101244314304001000
000013442411214410000
001041041143342211000
010104044023443341000
002142411344454021100
004404302314414421110
014044021144202140140
042441410412034404450
010222031240430414310
004414434434204421110
001442444444541024110
000111444040414021100
000240414344010441100
000011212444003100000
000000011542414200000
000000013310102000000
000000000010000000000
000000000000000000000

000000000120000000000
044444444444444444440
044444644444444444440
044444444444444444440
044454444444445444440
044444444444444444440
044445444454444454440
044444444444444444440
044454444445444444440
154444544444444444540
444444444444444444444
044444444444445444442
044444444444444444440
044444444444444444440
044444444445444444440
044444444444444444540
044444544444444444440
044444444445444444440
044444454444444444440
044454454444444444440
000000000040010000000
 
Total grains in the pile: 3634
