0
0
0
0
3009
13060
7301
10016
8945
9073
9209
7151
5566
6893
1370
1008
809
634
607
484
476
427
416
394
351
319
303
317
274
266
262
235
215
221
233
222
198
168
194
183
168
162
147
167
141
158
126
142
135
128
150
122
120
104
94
115
104
67
96
88
91
75
77
85
73
71
60
86
65
64
72
57
59
64
56
56
58
61
57
61
61
68
62
52
58
46
46
62
43
47
56
42
40
32
31
45
44
29
48
33
32
40
39
41
34
37
39
32
34
29
23
40
42
34
26
45
34
34
31
31
38
24
30
30
21
20
24
24
27
24
23
32
24
18
21
30
17
27
28
24
28
22
19
24
21
16
24
28
27
19
26
15
14
16
8
15
25
21
17
21
24
21
14
18
21
16
14
11
12
15
20
18
23
12
14
13
7
28
12
17
14
17
15
13
18
17
10
14
13
14
9
15
12
13
11
8
17
15
14
14
14
13
13
7
11
13
12
16
12
14
10
20
16
14
13
11
11
8
10
11
4
5
16
11
10
10
8
9
9
15
12
9
17
10
10
10
7
9
13
10
7
16
9
8
10
7
11
5
13
9
8
8
8
6
7
3
9
5
5
8
12
14
7
9
6
12
6
9
9
10
9
12
6
9
14
5
14
11
8
9
6
8
5
9
5
4
12
5
7
5
6
6
10
6
3
4
6
7
5
9
10
9
12
5
8
6
5
8
7
6
9
5
4
7
9
6
5
4
6
7
7
9
7
10
4
8
4
9
4
3
6
3
4
3
6
9
5
7
6
15
6
3
1
8
3
5
7
3
5
5
7
4
3
4
7
4
3
2
3
7
4
7
8
4
3
4
2
1
7
8
2
5
3
6
4
4
6
1
4
4
3
5
5
3
6
3
5
0
9
3
3
2
6
3
3
6
6
9
4
1
5
5
5
4
5
2
3
3
2
3
4
4
0
6
2
1
5
4
3
1
2
4
3
0
3
0
6
1
4
3
4
4
1
3
1
4
1
3
4
6
5
1
2
3
3
0
0
1
3
0
3
5
1
4
1
4
3
2
3
2
1
3
3
4
1
3
2
2
1
2
3
3
3
2
1
2
3
3
0
4
2
4
0
5
3
1
4
2
2
2
0
0
0
2
2
4
5
3
1
2
0
1
3
2
1
3
5
5
1
2
1
7
0
2
3
2
2
1
2
3
1
3
0
1
2
2
2
5
2
0
2
2
2
2
1
1
1
1
2
1
2
0
1
0
2
1
2
2
0
1
1
1
1
2
3
1
2
1
3
2
4
1
1
3
2
0
3
1
1
2
1
0
3
2
0
1
2
2
1
2
0
2
1
2
0
2
2
1
3
0
0
1
1
3
1
1
2
0
1
2
0
1
2
4
2
0
1
1
1
1
1
1
0
0
1
1
2
0
0
1
2
0
0
1
2
0
1
0
1
1
5
1
4
3
2
1
2
0
1
0
1
2
0
4
1
2
0
2
0
3
2
0
1
0
1
1
1
1
0
2
0
2
0
3
0
1
0
0
1
1
1
0
1
1
2
0
1
1
1
2
2
1
0
2
3
0
4
2
1
1
0
2
1
1
1
0
0
1
0
1
1
0
2
0
0
0
0
0
0
1
1
1
1
2
1
0
1
1
0
0
0
0
2
1
4
0
0
1
0
1
0
1
1
2
3
0
1
0
0
0
2
0
0
0
0
3
1
1
1
3
0
0
1
1
0
1
0
0
0
0
1
2
0
0
0
0
0
1
0
0
0
2
0
0
0
1
1
0
0
1
0
0
0
0
0
0
1
0
0
5
0
1
1
1
0
0
0
1
0
1
0
0
1
1
0
0
0
2
0
0
1
2
0
1
0
1
0
0
0
0
1
0
2
1
1
1
1
1
0
1
0
0
0
0
1
0
0
1
0
0
2
1
1
0
2
0
1
0
0
0
0
0
0
1
0
0
0
0
0
0
0
0
1
0
0
1
1
0
1
1
1
0
1
1
0
1
0
0
0
1
0
1
0
0
1
0
0
0
1
1
0
1
0
0
0
1
2
0
0
2
0
0
0
0
0
0
0
0
0
0
0
0
0
1
0
0
0
0
0
0
0
1
0
0
0
0
0
0
0
0
0
0
0
0
0
0
0
0
0
0
0
0
0
0
0
1
0
0
1
0
0
0
1
1
0
2
0
0
0
1
0
0
1
0
0
0
0
0
0
1
1
1
0
0
0
1
0
0
0
0
0
0
0
0
0
0
0
0
0
0
0
0
0
0
0
0
0
0
0
0
0
1
0
0
0
0
0
2
0
0
1
0
0
0
0
0
0
1
1
0
0
0
0
0
0
0
0
0
0
0
0
0
0
0
0
0
0
0
0
0
0
0
0
0
0
0
0
0
0
1
0
0
0
0
0
0
0
0
0
0
0
0
0
0
1
0
1
1
0
0
0
0
0
0
0
0
0
0
0
0
0
0
0
0
0
0
0
0
0
0
1
0
0
0
0
0
0
0
0
0
0
0
0
1
0
0
0
0
0
0
0
0
0
0
0
0
0
0
0
0
0
0
1
0
0
0
0
1
0
0
0
0
0
0
0
0
0
0
0
0
0
0
0
0
0
0
0
0
0
0
0
0
0
0
0
0
0
0
0
1
1
0
0
0
0
0
0
0
0
0
0
1
0
0
0
0
0
0
0
0
0
0
0
0
0
0
0
0
0
0
0
0
0
0
0
0
0
0
0
0
0
0
0
0
0
0
0
1
0
0
0
0
0
0
0
0
0
0
0
0
0
0
0
0
0
0
0
0
0
0
0
0
0
0
0
0
0
0
0
0
0
0
0
0
0
0
1
0
0
0
0
0
0
0
0
0
0
0
0
0
0
0
1
0
0
0
0
0
0
0
0
0
0
0
0
0
0
0
0
0
0
0
0
0
0
0
0
0
0
0
0
0
0
0
0
0
0
0
0
0
0
0
1
0
0
0
0
0
0
0
0
0
1
0
0
0
0
0
0
0
0
1
0
0
0
0
0
0
0
0
0
0
0
0
0
0
0
0
0
0
0
0
0
0
0
0
0
0
0
0
0
0
0
0
0
0
0
0
0
0
0
0
0
0
0
0
0
0
0
0
0
0
0
1
0
0
0
0
1
0
0
0
0
0
0
0
0
0
0
0
0
0
0
0
0
0
0
0
0
0
0
0
0
0
0
0
0
0
0
0
0
0
0
0
0
0
0
0
0
0
0
0
0
0
0
0
1
0
0
0
0
0
0
0
0
0
0
0
0
0
0
0
0
0
0
0
0
0
0
1
0
0
0
0
0
0
0
0
0
0
0
0
0
0
0
0
0
0
0
0
0
0
0
0
0
0
0
0
0
0
0
0
0
0
0
0
0
0
0
0
0
0
0
0
0
0
0
0
0
0
0
0
0
0
0
0
0
0
0
0
0
0
0
0
0
0
0
0
0
0
0
0
0
0
0
0
0
0
0
0
0
0
0
0
0
0
0
0
0
0
0
0
0
0
0
0
0
0
0
0
0
0
0
0
0
0
0
0
0
0
0
0
0
0
0
0
0
0
0
0
0
0
0
0
0
0
0
0
0
0
0
0
0
0
0
0
0
0
0
0
0
0
0
0
0
0
0
0
0
0
0
0
0
0
0
0
0
0
0
0
0
0
0
0
0
0
0
0
0
0
0
0
0
0
0
0
0
0
0
0
0
0
0
0
0
0
0
0
0
0
0
0
0
0
0
0
0
0
0
0
0
0
0
0
0
0
0
0
0
0
0
0
0
0
0
0
0
0
0
0
0
0
0
0
0
0
0
0
0
0
0
0
0
0
0
0
0
0
0
0
0
0
0
0
0
0
0
0
0
0
0
0
0
0
0
0
0
0
0
0
0
0
0
0
0
0
0
0
0
0
0
0
0
0
0
0
0
0
0
0
0
0
0
0
0
0
0
0
0
0
0
0
0
0
0
0
0
0
0
0
0
0
0
0
0
0
0
0
0
1
