
                     
                     
                     
                     
                     
                     
                     
                     
                     
                     
                     
                     
                     
                     
                     
                     
                     
                     
                     
                     
                     

                     
                     
                     
                     
                     
                     
                     
                     
                     
                     
                     
                     
                     
                     
                     
                     
                     
                     
                     
                     
                     

                     
                     
                     
                     
                     
                     
                     
                     
                     
                     
          0          
                     
                     
                     
                     
                     
                     
                     
                     
                     
                     

                     
                     
                     
                     
                     
                     
                     
                     
                     
         000         
         000         
         000         
                     
                     
                     
                     
                     
                     
                     
                     
                     

                     
                     
                     
                     
                     
                     
                     
                     
        00000        
        00000        
        00000        
        00000        
        00000        
                     
                     
                     
                     
                     
                     
                     
                     

                     
                     
                     
                     
                     
                     
                     
       0000000       
       0000000       
       0000000       
       0000000       
       0000000       
       0000000       
       0000000       
                     
                     
                     
                     
                     
                     
                     

                     
                     
                     
                     
                     
                     
      000000000      
      000000000      
      000100000      
      000000000      
      000000003      
      000000000      
      001000000      
      000000000      
      000000000      
                     
                     
                     
                     
                     
                     

                     
                     
                     
                     
                     
     00000000000     
     00000000000     
     00000000000     
     00001000000     
     00000000000     
     00000100030     
     00001000000     
     00000000000     
     00001000000     
     00000000000     
     00000000000     
                     
                     
                     
                     
                     

                     
                     
                     
                     
    0000001000000    
    0000000000000    
    0001300200000    
    0000101000100    
    0001030100001    
    0000100000100    
    3002100000300    
    0000110000000    
    0000300011000    
    0110000100000    
    0000000300100    
    0100000201000    
    0000003000000    
                     
                     
                     
                     

                     
                     
                     
   000000100010000   
   000100030100000   
   000010000030000   
   001002201000000   
   000101031012000   
   000200203001110   
   010113010021002   
   133010040303000   
   001202220011000   
   000013300010100   
   011101302102130   
   001000003000200   
   001013002100000   
   000000030000000   
   000000011000000   
                     
                     
                     

                     
                     
  00000001311000000  
  00000030113100000  
  00002011300100000  
  00013100002310000  
  01000031011001000  
  00131230311220300  
  01112303131023231  
  30003030020010130  
  00331213322030300  
  01003322101133131  
  01003330100321130  
  00021033033010410  
  00032511030003010  
  00002030231100000  
  00010012320100000  
  00000000233000000  
  00000000320000000  
                     
                     

                     
 0000000003000000000 
 0000000033310000000 
 0000002333333100000 
 0000033303333000000 
 0000312112233310000 
 0001031333201120000 
 0213313303113313200 
 1223333333331333410 
 0331331303011320302 
 1233333133133333101 
 0133033333040333330 
 0232333341203333310 
 0010431330201333300 
 0101333222331230100 
 0000223333332110100 
 0001102223331100000 
 0000001313331000000 
 0000001223300000000 
 0000010011000000000 
                     

000000000130100000000
033333334333533333430
033333334333333433330
033333333333335333330
033333333333333333330
033333333333343333330
033333333333333333330
033333333333333333331
133334333433333333330
233333333333334334341
333333333333333333333
133333333333333334330
033333333333333333330
033333333333343333430
033333333333433333330
033333333333333333430
033333333333333333330
033333333333333333330
033334333333334343340
033333333333333333330
000000010033020000000
 
Total grains in the pile: 2037
