0
404
1209
3068
6650
6927
6891
9736
14247
13773
11832
1351
1050
913
804
755
688
658
636
598
596
599
531
503
513
490
434
463
413
435
401
396
353
346
320
290
314
287
291
280
306
245
219
227
198
191
191
191
176
173
176
157
168
135
160
146
122
129
140
100
111
111
96
88
95
90
100
88
88
91
76
78
76
72
67
77
44
81
55
57
59
56
60
53
65
59
53
45
46
49
46
62
52
56
40
46
32
38
41
36
45
38
43
35
38
35
27
27
33
37
34
29
23
25
24
23
28
35
43
28
18
31
26
18
34
31
22
24
26
13
26
24
22
18
23
24
28
23
14
18
10
19
23
21
17
18
28
14
17
14
21
17
25
14
19
13
20
21
13
24
12
17
19
17
9
16
20
15
11
12
17
17
12
18
19
13
6
14
11
11
11
12
18
11
18
12
10
10
8
10
15
8
10
9
7
9
5
7
12
12
16
8
12
6
10
9
8
7
6
10
10
8
5
13
9
7
6
11
11
9
5
14
5
3
6
11
4
11
5
8
14
4
13
7
11
6
16
4
7
7
11
8
6
7
7
9
7
8
9
4
9
6
8
7
3
3
10
9
8
5
9
6
10
5
3
7
3
5
6
8
2
6
3
3
3
6
2
5
5
8
5
3
4
7
4
5
3
6
4
3
4
2
7
4
2
5
3
5
3
5
1
6
4
5
2
3
6
5
1
4
3
4
4
2
1
4
2
6
4
7
4
4
3
6
3
2
2
3
5
2
2
4
3
2
4
4
5
2
2
5
1
3
3
5
4
3
8
1
5
3
4
2
2
1
3
3
4
2
1
4
2
2
3
1
1
2
1
6
3
3
4
3
3
0
2
0
1
4
3
1
4
3
1
4
0
1
1
2
0
2
2
1
2
1
1
5
1
4
0
2
3
2
2
2
3
0
1
5
3
1
3
1
2
5
2
0
1
1
2
2
2
3
4
0
4
3
1
4
0
1
1
3
1
2
2
1
1
3
1
2
3
1
4
2
0
3
1
0
2
0
3
4
0
4
2
0
3
1
1
0
0
3
0
3
1
2
3
0
3
1
3
1
0
0
2
1
2
4
0
0
2
1
0
3
2
4
1
0
0
1
1
2
0
1
1
0
1
2
0
1
2
0
1
1
0
1
4
1
1
2
2
0
0
1
1
3
0
0
1
2
0
0
2
1
2
0
3
1
0
2
0
1
1
1
1
0
1
5
0
1
0
0
1
3
0
1
1
1
0
0
0
1
1
0
0
0
0
1
0
1
0
0
0
1
1
1
1
2
1
0
1
1
2
1
2
0
0
0
0
1
0
2
0
2
1
0
1
1
0
2
0
1
1
0
1
1
0
2
1
2
1
1
0
1
1
0
1
1
1
0
0
1
0
1
1
0
2
0
1
1
1
0
1
1
0
2
1
0
1
0
3
2
3
0
0
0
1
0
1
1
0
1
0
0
1
0
0
0
1
0
1
1
0
0
0
1
0
0
0
1
1
1
0
1
2
1
1
0
1
0
0
0
0
1
0
1
0
0
2
1
1
0
0
0
0
0
0
0
0
2
0
0
1
0
2
0
0
2
1
0
1
1
1
0
0
0
1
0
0
2
0
1
0
0
0
0
0
1
0
0
0
1
0
0
0
0
0
1
0
0
1
0
0
0
1
0
1
0
0
1
0
0
0
0
1
1
0
0
4
1
0
0
0
2
0
0
0
0
2
0
1
0
0
1
0
0
0
0
0
0
0
0
0
0
0
1
0
0
0
0
0
0
1
0
0
0
0
1
0
0
0
1
0
1
2
0
0
0
1
0
0
0
0
0
0
0
0
0
0
0
0
1
1
0
1
0
0
0
0
0
0
1
0
1
0
0
0
0
1
0
0
0
0
0
0
2
0
0
2
1
0
0
0
0
0
0
0
0
0
1
0
0
0
0
0
0
0
0
0
0
1
0
0
1
0
0
0
0
0
1
0
0
0
0
3
0
1
0
1
1
0
0
1
0
0
1
0
0
0
0
1
0
0
0
0
0
0
0
0
0
0
0
0
0
1
1
0
0
0
0
0
1
1
0
0
0
0
0
1
1
0
1
0
0
0
0
0
0
0
0
0
0
0
0
0
0
0
0
0
1
0
0
2
0
0
0
0
0
0
0
0
0
1
1
1
0
0
0
0
0
0
0
0
0
1
0
0
0
0
0
0
0
0
1
0
0
0
0
1
0
0
0
0
0
0
0
1
0
0
0
0
0
0
1
0
0
1
0
0
0
0
0
0
0
0
0
0
0
0
0
0
0
0
0
1
0
0
0
0
0
0
0
0
0
0
1
1
0
0
0
0
0
0
0
0
0
0
0
0
0
0
0
1
0
0
0
0
0
1
1
0
0
0
0
0
0
0
0
0
0
0
0
0
0
0
0
0
0
0
0
0
0
0
0
0
0
1
0
0
0
0
0
0
1
0
0
0
0
0
0
0
0
0
0
0
0
0
0
0
1
1
0
0
0
0
0
0
0
1
0
0
0
0
0
0
0
0
0
0
0
0
0
0
0
0
0
0
0
0
0
0
0
0
0
0
0
0
0
0
0
0
1
0
0
0
0
0
0
0
0
0
0
0
0
1
0
0
0
0
0
0
0
0
0
0
0
0
0
0
1
0
0
0
0
1
0
0
0
0
0
0
0
0
0
0
0
0
0
1
0
0
0
0
1
0
0
0
0
1
0
0
0
1
1
0
0
0
0
0
1
0
0
0
0
0
0
0
0
0
0
0
0
0
0
0
0
0
0
0
0
0
0
0
0
0
1
0
0
0
0
0
0
0
0
0
0
0
0
0
0
0
0
0
0
0
0
0
0
0
0
0
0
0
0
0
0
1
0
0
0
0
0
0
0
0
0
0
0
0
0
0
0
0
0
0
0
0
0
0
0
0
0
0
0
0
0
0
0
0
0
0
0
0
0
0
0
0
0
0
0
0
0
0
0
0
0
0
0
0
0
0
0
0
0
0
0
0
0
0
0
0
0
0
0
0
0
0
0
0
0
0
0
0
0
0
0
0
0
0
0
0
0
0
1
0
0
0
0
0
0
0
0
0
0
0
0
0
0
0
0
0
0
0
0
0
0
0
0
0
0
0
0
0
0
1
0
0
0
0
0
0
0
0
0
0
0
0
0
0
0
0
0
0
0
0
0
1
0
0
0
0
0
0
0
0
0
0
0
0
0
0
0
0
0
0
0
0
0
0
0
0
1
0
0
0
0
0
0
0
0
0
0
0
0
0
1
0
0
0
0
0
0
0
0
0
0
0
0
0
0
0
0
1
0
0
0
0
0
0
0
0
0
0
1
0
0
0
0
0
0
0
0
0
0
0
0
0
0
0
0
0
0
0
0
0
0
0
0
0
0
0
0
0
0
0
0
0
0
0
0
0
0
0
0
0
0
0
0
0
1
0
0
0
0
0
0
0
0
0
0
1
0
0
0
0
0
0
0
0
0
0
0
0
0
0
0
0
0
0
0
0
0
0
0
0
0
0
0
1
0
1
0
0
0
0
0
0
0
0
0
0
0
0
0
0
0
0
0
0
0
0
0
0
0
0
0
0
0
0
0
0
0
0
0
0
0
0
0
0
0
0
0
0
0
0
0
0
0
0
0
0
0
0
0
0
0
0
0
0
0
0
0
0
0
0
0
0
0
0
0
0
0
0
0
0
0
0
0
0
0
0
0
0
0
0
0
0
0
0
0
0
0
0
0
0
0
0
0
0
0
0
0
0
0
0
0
0
0
0
0
0
0
0
0
0
0
0
0
0
0
0
0
0
0
0
0
0
0
0
0
0
0
0
0
0
0
0
0
0
0
0
0
0
0
0
0
0
0
0
0
0
0
0
0
0
0
0
0
0
0
0
0
0
0
0
0
0
0
0
0
0
0
0
0
0
0
0
0
0
0
0
0
0
0
0
0
0
0
0
0
0
0
0
0
0
0
0
0
0
0
0
0
0
0
0
0
0
0
0
0
0
0
0
0
0
0
0
0
0
0
0
0
0
0
0
0
0
0
0
0
0
0
0
0
0
0
0
0
0
0
0
0
0
0
0
0
0
0
0
0
0
0
0
0
0
0
0
0
0
0
0
0
0
0
0
0
0
0
0
0
0
0
0
0
0
0
0
0
0
0
0
0
0
0
0
0
0
0
0
0
0
0
0
0
0
0
0
0
0
0
0
0
0
0
0
0
0
0
0
0
0
0
0
0
0
0
0
0
0
0
0
0
0
0
0
0
0
0
0
0
0
0
0
0
0
0
0
0
0
1
