
000000000000000000000
000000000000000000000
000000000000000000000
000000000000000000000
000000000000000000000
000000000000000000000
000000000000000000000
000000000000000000000
000000000000000000000
000000000000000000000
000000000000000000000
000000000000000000000
000000000000000000000
000000000000000000000
000000000000000000000
000000000000000000000
000000000000000000000
000000000000000000000
000000000000000000000
000000000000000000000
000000000000000000000

000000000000000000000
000000000000000000000
000000000000000000000
000000000000000000000
000000000000000000000
000000000000000000000
000000000000000000000
000000000000000000000
000000000000000000000
000000000000000000000
000000000000000000000
000000000000000000000
000000000000000000000
000000000000000000000
000000000000000000000
000000000000000000000
000000000000000000000
000000000000000000000
000000000000000000000
000000000000000000000
000000000000000000000

000000000000000000000
000000000000000000000
000000000000000000000
000000000000000000000
000000000000000000000
000000000000000000000
000000000000000000000
000000000000000000000
000000000000000000000
000000000000000000000
000000000000000000000
000000000000000000000
000000000000000000000
000000000000000000000
000000000000000000000
000000000000000000000
000000000000000000000
000000000000000000000
000000000000000000000
000000000000000000000
000000000000000000000

000000000000000000000
000000000000000000000
000000000000000000000
000000000000000000000
000000000000000000000
000000000000000000000
000000000000000000000
000000000000000000000
000000000000000000000
000000000000000000000
000000000000000000000
000000000000000000000
000000000000000000000
000000000000000000000
000000000000000000000
000000000000000000000
000000000000000000000
000000000000000000000
000000000000000000000
000000000000000000000
000000000000000000000

000000000000000000000
000000000000000000000
000000000000000000000
000000000000000000000
000000000000000000000
000000000000000000000
000000000000000000000
000000000000000000000
000000000000000000000
000000000000000000000
000000000000000000000
000000000000000000000
000000000000000000000
000000000000000000000
000000000000000000000
000000000000000000000
000000000000000000000
000000000000000000000
000000000000000000000
000000000000000000000
000000000000000000000

000000000000000000000
000000000000000000000
000000000000000000000
000000000000000000000
000000000000000000000
000000000000000000000
000000000000000000000
000000000000000000000
000000000000000000000
000000000000000000000
000000000010000000000
000000000000000000000
000000000000000000000
000000000000000000000
000000000000000000000
000000000000000000000
000000000000000000000
000000000000000000000
000000000000000000000
000000000000000000000
000000000000000000000

000000000000000000000
000000000000000000000
000000000000000000000
000000000000000000000
000000000000000000000
000000000000000000000
000000000000000000000
000000000000000000000
000000000000000000000
000000000411000000000
000000000121000000000
000000000122000000000
000000000000000000000
000000000000000000000
000000000000000000000
000000000000000000000
000000000000000000000
000000000000000000000
000000000000000000000
000000000000000000000
000000000000000000000

000000000000000000000
000000000000000000000
000000000000000000000
000000000000000000000
000000000000000000000
000000000000000000000
000000000000000000000
000000000000000000000
000000003424100000000
000000004112400000000
000000004214200000000
000000004431400000000
000000001214400000000
000000000000000000000
000000000000000000000
000000000000000000000
000000000000000000000
000000000000000000000
000000000000000000000
000000000000000000000
000000000000000000000

000000000000000000000
000000000000000000000
000000000000000000000
000000000000000000000
000000000000000000000
000000000000000000000
000000000000000000000
000000024211320000000
000000014210210000000
000000044414410000000
000000033451130000000
000000012241430000000
000000042214210000000
000000021212420000000
000000000000000000000
000000000000000000000
000000000000000000000
000000000000000000000
000000000000000000000
000000000000000000000
000000000000000000000

000000000000000000000
000000000000000000000
000000000000000000000
000000000000000000000
000000000000000000000
000000000000000000000
000000142213111000000
000000122432122000000
000000234141411000000
000000114441211000000
000000412415311000000
000000112434312000000
000000311222214000000
000000211121221000000
000000122244131000000
000000000000000000000
000000000000000000000
000000000000000000000
000000000000000000000
000000000000000000000
000000000000000000000

000000000000000000000
000000000000000000000
000000000000000000000
000000000000000000000
000000000000000000000
000000043131211000000
000004114343121200000
000003124142141100000
000001311254313400000
000003225242133200000
000002112144111300000
000001323145214100000
000001234311223100000
000004111111454100000
000003141121141100000
000000144343111100000
000000000000000000000
000000000000000000000
000000000000000000000
000000000000000000000
000000000000000000000

000000000000000000000
000000000000000000000
000000000000000000000
000000000000000000000
000000114132310000000
000001141214112100000
000004241141131300000
000012132131321130000
000014323413443240000
000011132332131110000
000014121442121110000
000014544444324420000
000024221424423410000
000001142122131210000
000004144114241210000
000001344342112100000
000000022151411000000
000000000000000000000
000000000000000000000
000000000000000000000
000000000000000000000

000000000000000000000
000000000000000000000
000000000000000000000
000000011111111000000
000001111321411100000
000011422414411400000
000033144411433131000
000340211122344420000
000321142414241314000
000214451143303411000
000412343511351312000
000114231334451412000
000225413141414221000
000121211421432132000
000021441135251241000
000014140231234120000
000002311411244200000
000000024441330000000
000000000000000000000
000000000000000000000
000000000000000000000

000000000000000000000
000000000000000000000
000000001210100000000
000000011123121000000
000011331121111210000
000012141445211310000
000024211313241421000
000124255232414321000
000431341112113424100
004444411324242124300
001244321444441114100
001232134342342143200
000414121222443224100
000322414411121114100
000111144214243111100
000001412444344211000
000001211444431400000
000001021211420000000
000000000013100000000
000000000000000000000
000000000000000000000

000000000000000000000
000000000221000000000
000000223141420000000
000000141234231100000
000014434412244420000
000241421142422442000
000242341141241414000
000421314432124121200
002141144445244441400
014251311444444214340
042134111453311222420
024421334431344421520
012114243242343234110
000431141444244214000
001111224412434141100
000034342232442411000
000102444441144120000
000000141444444100000
000000032142100000000
000000010131100000000
000000000000000000000

000000000151000000000
044444444444544444440
044444444444444444440
044444444444454454440
044444444444444444440
044444444444444444440
044464444444444444440
044444444444444444540
044444444444544444440
144444444444444444451
244444444444454444444
044444444444444444442
044444444444444444440
144444444444444444440
044444444444444444440
044444444444454444440
044444444444444444440
044444444444444444440
044444444444444444440
044444444444444444440
000000000030000000000
 
Total grains in the pile: 4060
