0
0
0
0
5836
6799
8693
14193
8570
8148
7177
7138
6404
5407
1485
1112
875
687
673
589
528
482
443
400
370
317
337
372
319
301
258
265
258
228
237
246
219
214
204
193
199
169
165
172
179
146
152
118
148
134
136
109
100
102
117
99
103
103
118
93
115
98
107
89
89
89
77
84
82
74
82
92
71
75
75
68
74
68
54
65
61
61
72
72
65
50
55
55
62
50
52
49
48
64
32
39
48
40
50
46
46
53
52
49
32
43
41
42
46
44
29
42
34
38
45
39
35
40
28
31
30
33
30
35
44
29
35
30
22
30
29
30
29
24
23
27
26
27
36
33
28
20
20
27
25
26
26
24
23
30
29
21
22
15
28
26
22
14
14
29
22
22
16
26
16
21
16
23
21
15
30
19
24
14
21
23
18
17
20
19
16
10
18
19
12
12
27
16
19
14
23
19
19
22
15
9
8
13
8
16
14
18
11
12
12
13
17
23
19
11
18
14
12
17
13
13
11
11
11
13
8
7
9
16
12
11
16
8
14
11
12
12
8
6
16
17
15
7
10
7
9
8
9
14
17
8
10
17
13
4
7
9
6
9
12
11
6
11
6
5
17
8
6
6
13
7
10
10
4
5
12
7
6
9
9
5
8
8
10
3
7
6
11
9
14
5
8
10
7
6
8
7
7
5
10
10
6
3
4
5
11
4
7
2
5
6
9
5
10
9
5
4
9
7
7
10
7
2
5
7
9
9
5
5
6
5
8
1
4
9
4
7
7
5
3
1
6
8
5
2
7
3
4
4
7
3
7
6
5
5
3
5
1
4
9
5
6
8
7
3
4
6
1
3
2
2
4
7
4
5
5
6
6
2
7
4
2
0
4
6
2
3
12
3
8
4
6
3
3
2
2
3
4
3
4
8
3
1
5
3
3
0
5
2
5
4
6
1
4
2
2
4
2
3
1
6
5
3
3
2
3
2
2
4
5
5
3
4
3
1
3
2
4
7
5
2
3
3
1
0
2
5
2
2
1
3
7
1
1
4
4
2
5
5
5
2
3
0
0
1
3
2
2
1
2
0
4
5
3
0
1
2
0
0
3
1
3
2
1
3
0
7
2
0
3
3
1
3
3
6
1
2
1
0
2
2
1
1
1
1
2
2
2
1
2
0
2
1
2
1
1
2
2
1
1
3
0
5
2
3
0
2
1
2
1
1
1
3
3
2
2
0
0
3
0
0
1
1
3
2
0
0
1
1
4
0
0
2
1
4
4
2
3
2
4
2
4
0
3
3
4
1
1
0
0
1
1
1
2
2
0
2
0
0
0
1
2
1
0
0
0
2
0
3
2
2
2
1
0
1
1
3
1
1
1
1
2
1
2
1
1
0
0
0
1
0
0
1
0
1
0
2
2
0
0
2
3
2
1
0
1
4
1
0
2
1
3
0
0
0
0
0
1
0
2
0
0
1
2
1
2
1
1
0
0
1
2
1
0
0
0
0
0
0
0
0
0
1
1
2
1
1
0
1
0
1
0
2
0
0
0
0
0
0
2
0
1
1
1
1
0
0
1
3
0
0
0
0
0
0
1
0
0
0
1
0
0
1
1
2
0
0
0
1
1
0
0
1
1
1
0
0
0
0
0
0
0
0
0
0
0
0
1
0
0
1
1
0
1
2
0
0
1
0
0
0
0
0
0
2
1
0
0
0
0
0
1
1
3
0
0
0
0
0
1
0
1
0
0
0
0
0
0
1
0
0
0
1
1
0
0
0
0
0
2
0
0
0
0
1
0
1
0
0
0
0
1
0
0
0
0
0
0
1
1
0
0
0
1
1
0
2
1
0
0
1
0
0
0
2
0
0
0
0
1
0
0
0
0
0
0
0
0
2
0
0
0
0
0
0
0
0
1
0
0
0
1
2
0
1
0
0
0
0
0
0
0
0
0
0
0
0
0
0
0
0
0
1
0
0
0
1
0
0
1
0
0
0
1
0
0
0
1
0
0
0
0
0
0
0
1
0
0
0
0
0
0
0
0
0
0
0
0
1
0
0
0
0
0
1
0
0
0
0
0
1
0
0
0
0
0
0
0
0
0
0
0
0
0
1
0
0
0
0
0
0
0
1
0
0
0
0
0
0
0
0
0
0
0
0
0
1
0
0
0
0
0
0
0
1
0
1
0
0
0
0
0
1
0
0
0
0
0
0
0
0
0
0
0
0
0
0
0
0
0
0
0
0
0
0
0
0
0
1
0
1
0
0
0
0
0
0
0
0
0
0
1
0
0
0
0
0
0
0
0
0
0
0
0
0
0
0
0
0
0
0
0
0
0
0
1
0
0
0
0
0
0
0
0
0
0
0
0
0
0
0
0
0
0
0
0
0
0
0
0
0
0
0
0
0
0
0
0
1
0
0
0
0
0
0
0
0
0
0
0
0
0
0
0
0
1
0
0
0
1
0
0
0
0
0
0
0
0
0
0
0
0
0
0
0
0
0
0
0
0
0
0
0
0
0
0
0
0
0
0
0
0
0
0
0
0
0
0
0
0
0
0
0
0
0
0
0
0
0
0
0
1
0
0
0
0
0
0
0
0
0
0
0
0
0
0
0
1
0
0
0
0
0
0
0
0
0
0
0
0
0
0
0
0
0
0
0
0
0
0
0
0
0
0
0
0
0
0
0
0
0
0
0
0
1
0
0
0
1
0
0
0
0
0
0
0
0
0
0
0
0
0
0
0
0
0
0
0
0
0
0
0
0
0
0
1
0
0
0
0
0
0
0
0
0
0
0
1
0
0
0
0
0
0
0
0
0
0
0
0
0
0
0
0
0
0
0
0
0
0
0
0
0
0
0
0
0
0
0
0
0
0
0
0
0
0
0
0
0
0
0
0
0
0
0
0
0
0
0
0
0
0
0
0
0
0
0
0
0
0
0
0
0
0
0
0
0
0
0
0
0
0
0
0
0
0
0
0
0
0
0
0
0
0
0
0
0
0
0
0
0
0
0
0
0
0
0
0
0
0
0
0
0
0
0
0
0
0
0
0
0
0
0
0
0
0
0
0
0
0
0
1
