
000000000000000000000
000000000000000000000
000000000000000000000
000000000000000000000
000000000000000000000
000000000000000000000
000000000000000000000
000000000000000000000
000000000000000000000
000000000000000000000
000000000000000000000
000000000000000000000
000000000000000000000
000000000000000000000
000000000000000000000
000000000000000000000
000000000000000000000
000000000000000000000
000000000000000000000
000000000000000000000
000000000000000000000

000000000000000000000
000000000000000000000
000000000000000000000
000000000000000000000
000000000000000000000
000000000000000000000
000000000000000000000
000000000000000000000
000000000000000000000
000000000000000000000
000000000000000000000
000000000000000000000
000000000000000000000
000000000000000000000
000000000000000000000
000000000000000000000
000000000000000000000
000000000000000000000
000000000000000000000
000000000000000000000
000000000000000000000

000000000000000000000
000000000000000000000
000000000000000000000
000000000000000000000
000000000000000000000
000000000000000000000
000000000000000000000
000000000000000000000
000000000000000000000
000000000000000000000
000000000000000000000
000000000000000000000
000000000000000000000
000000000000000000000
000000000000000000000
000000000000000000000
000000000000000000000
000000000000000000000
000000000000000000000
000000000000000000000
000000000000000000000

000000000000000000000
000000000000000000000
000000000000000000000
000000000000000000000
000000000000000000000
000000000000000000000
000000000000000000000
000000000000000000000
000000000000000000000
000000000000000000000
000000000000000000000
000000000000000000000
000000000000000000000
000000000000000000000
000000000000000000000
000000000000000000000
000000000000000000000
000000000000000000000
000000000000000000000
000000000000000000000
000000000000000000000

000000000000000000000
000000000000000000000
000000000000000000000
000000000000000000000
000000000000000000000
000000000000000000000
000000000000000000000
000000000000000000000
000000000000000000000
000000000000000000000
000000000000000000000
000000000000000000000
000000000000000000000
000000000000000000000
000000000000000000000
000000000000000000000
000000000000000000000
000000000000000000000
000000000000000000000
000000000000000000000
000000000000000000000

000000000000000000000
000000000000000000000
000000000000000000000
000000000000000000000
000000000000000000000
000000000000000000000
000000000000000000000
000000000000000000000
000000000000000000000
000000000000000000000
000000000040000000000
000000000000000000000
000000000000000000000
000000000000000000000
000000000000000000000
000000000000000000000
000000000000000000000
000000000000000000000
000000000000000000000
000000000000000000000
000000000000000000000

000000000000000000000
000000000000000000000
000000000000000000000
000000000000000000000
000000000000000000000
000000000000000000000
000000000000000000000
000000000000000000000
000000000000000000000
000000000443000000000
000000000442000000000
000000000444000000000
000000000000000000000
000000000000000000000
000000000000000000000
000000000000000000000
000000000000000000000
000000000000000000000
000000000000000000000
000000000000000000000
000000000000000000000

000000000000000000000
000000000000000000000
000000000000000000000
000000000000000000000
000000000000000000000
000000000000000000000
000000000000000000000
000000000000000000000
000000000442400000000
000000000433300000000
000000004433400000000
000000003244100000000
000000004214400000000
000000000000000000000
000000000000000000000
000000000000000000000
000000000000000000000
000000000000000000000
000000000000000000000
000000000000000000000
000000000000000000000

000000000000000000000
000000000000000000000
000000000000000000000
000000000000000000000
000000000000000000000
000000000000000000000
000000000000000000000
000000004242420000000
000000043342540000000
000000033440040000000
000000044004430000000
000000042524040000000
000000034004330000000
000000040144120000000
000000000000000000000
000000000000000000000
000000000000000000000
000000000000000000000
000000000000000000000
000000000000000000000
000000000000000000000

000000000000000000000
000000000000000000000
000000000000000000000
000000000000000000000
000000000000000000000
000000000000000000000
000000321424043000000
000000323444444000000
000000444040143000000
000000334445410000000
000000344404441000000
000000444423433000000
000000334423234000000
000000354441410000000
000000410544341000000
000000000000000000000
000000000000000000000
000000000000000000000
000000000000000000000
000000000000000000000
000000000000000000000

000000000000000000000
000000000000000000000
000000000000000000000
000000000000000000000
000000000000000000000
000001124424444100000
000001405400340100000
000001144442443000000
000004444234344400000
000001444524424100000
000004444642442100000
000004333344344200000
000003402151240300000
000004144243104400000
000002424422444200000
000000422242443000000
000000000000000000000
000000000000000000000
000000000000000000000
000000000000000000000
000000000000000000000

000000000000000000000
000000000000000000000
000000000000000000000
000000000000000000000
000000232440442100000
000014414444043400000
000034204434104440000
000022144442424240000
000040414441043440000
000044440444231440000
000044411441014440000
000044304404444400000
000043213424344000000
000014434214141440000
000000444412041300000
000012202402012100000
000000232444240000000
000000000000000000000
000000000000000000000
000000000000000000000
000000000000000000000

000000000000000000000
000000000000000000000
000000000000000000000
000000112310020000000
000002302444240100000
000144414444324400000
000223444121413010000
000244440244004140000
000443544044444004000
000140243314023444000
000444244414444243000
000144442434434442000
000244042444440530000
000440404454244020000
000144404044434430000
000024234224401410000
000011444140442100000
000000203043100000000
000000000000000000000
000000000000000000000
000000000000000000000

000000000000000000000
000000000000000000000
000000101043120000000
000000023434000000000
000004044434440320000
000102044244120442000
001424421410424042000
000444444444444244000
004404444442334444300
000430334452644440300
000451414412224045200
004442414031444321400
004444402424414420200
000034043444442434000
000344140444444040200
000134244454414340000
000040144004444430000
000001324144434210000
000000000442420000000
000000000000000000000
000000000000000000000

000000000000000000000
000000001423000000000
000000234433230000000
000004424414245400000
000044344444444330000
001120444043444241000
003444444404444354000
014444244144444435200
014142443344414444420
044241444444434443410
044441444404144044100
014423414444403415410
014344405142311444220
000544444124444334400
001444443434344440100
000054404234344430000
000033444532144320000
000011344124144400000
000000214303440000000
000001003042000001000
000000000000000000000

000000000010000000000
044444444444444444440
044444445444444444440
044444444444444444440
044444444444444444440
044454444444444444440
044444454444445444440
054444454444544444450
044444444444444444440
154444444444444444444
344444444444444444444
244444444444444444440
144444444444444444440
044444444544444544441
054544444444454444440
044444444444444544440
044444444444444444440
045445444444444444440
044444454444444454440
044444444444444444440
000000001141010000000
 
Total grains in the pile: 4821
