0
0
0
0
9265
10586
15925
16046
11313
7387
4432
3352
2214
1850
998
772
618
502
476
424
383
337
330
278
266
242
251
217
222
186
196
171
168
173
132
144
148
144
136
138
141
122
103
105
119
96
101
104
98
76
86
89
88
95
91
84
83
72
70
73
74
62
79
72
63
66
66
67
74
67
50
56
59
71
65
66
67
66
55
64
47
75
66
54
62
45
54
58
52
45
53
49
44
45
44
53
45
36
40
43
38
49
43
39
32
30
44
41
34
35
44
44
44
35
33
49
44
32
49
41
36
38
35
31
29
28
34
34
42
31
37
31
48
33
36
29
40
37
21
19
33
29
23
28
29
31
24
24
28
19
31
31
24
22
28
22
32
24
28
25
33
22
25
22
28
16
21
20
17
25
28
21
22
20
19
16
20
30
19
24
29
14
25
25
18
19
17
18
28
16
21
16
25
13
26
14
24
12
18
14
14
13
14
13
22
19
13
16
20
12
29
13
21
13
18
14
18
11
20
20
15
15
23
14
13
16
14
16
9
12
12
18
16
13
10
8
19
18
12
16
13
14
14
8
8
9
11
12
17
14
11
13
10
11
15
11
13
5
11
15
12
9
7
7
9
13
16
13
11
10
10
8
8
3
15
11
11
9
12
6
11
12
7
11
16
11
13
6
5
13
8
12
5
3
9
7
7
12
7
6
11
11
7
12
4
7
10
11
9
5
10
8
12
8
8
7
12
11
8
10
7
2
6
8
8
7
6
9
5
6
4
6
5
9
9
8
7
7
6
5
6
7
5
12
10
4
10
7
7
4
10
4
3
6
5
3
6
5
11
3
5
10
1
1
4
4
5
8
3
4
7
8
3
7
6
8
6
6
4
6
7
5
6
3
6
9
5
5
3
4
9
5
6
6
6
5
3
2
9
5
2
2
6
6
3
4
6
4
3
3
8
5
4
5
7
4
4
1
5
3
5
2
3
10
3
5
4
5
4
1
6
5
2
2
2
3
6
3
4
3
1
1
2
6
5
2
3
4
3
5
4
3
4
5
2
2
1
1
2
2
3
2
0
1
2
3
2
2
3
3
5
1
3
4
0
3
2
3
0
3
1
2
1
1
3
0
2
2
4
3
1
1
2
1
1
2
1
1
1
2
1
1
2
1
3
1
1
2
1
4
3
3
1
1
1
2
1
2
5
3
1
1
2
1
2
2
1
2
0
3
1
1
2
1
3
2
2
3
1
0
1
1
1
3
2
0
2
1
3
0
5
0
1
1
0
4
4
1
1
1
2
1
2
1
2
2
3
1
1
2
2
1
0
2
0
1
0
3
2
0
2
0
1
0
1
2
0
1
0
2
3
1
1
1
4
1
2
3
0
1
1
2
0
0
0
0
2
3
1
0
2
1
3
2
0
0
1
1
1
0
1
2
0
0
2
2
0
2
1
1
0
0
0
1
0
1
2
1
0
1
0
0
1
1
0
0
0
1
0
0
1
1
0
2
2
0
0
0
3
1
1
2
0
1
0
0
0
0
0
0
2
0
1
0
1
1
1
1
4
0
1
2
3
0
1
0
0
0
0
0
2
0
0
0
1
2
0
0
0
0
0
2
1
0
0
3
2
1
3
0
0
2
0
2
1
2
0
0
0
2
2
0
0
0
0
0
0
0
1
0
1
0
1
1
0
0
0
0
0
1
0
0
0
0
1
0
0
0
0
0
0
0
2
1
0
0
0
1
0
0
1
0
1
0
0
1
1
0
0
1
0
0
0
0
1
1
1
0
0
0
0
0
0
0
1
0
0
0
1
0
2
1
0
0
0
1
0
0
0
0
0
0
0
0
0
1
0
0
0
0
0
0
0
0
0
0
0
1
0
0
0
0
1
1
1
0
0
1
0
0
0
0
0
0
0
1
0
0
2
0
0
0
0
1
2
0
0
2
1
0
0
0
0
0
0
1
0
1
0
0
0
0
2
0
0
0
0
0
0
0
1
0
0
0
0
0
0
0
0
0
0
0
0
1
0
0
0
0
0
0
0
0
0
0
0
0
0
1
0
0
0
0
0
0
1
0
1
0
1
0
0
0
0
0
1
0
0
0
0
0
0
0
0
0
0
0
0
0
0
0
0
0
0
0
0
0
0
0
0
0
0
0
0
0
0
0
0
0
0
1
1
1
0
0
0
0
0
0
0
0
0
0
0
0
1
0
0
0
0
0
0
0
0
0
0
0
1
1
0
0
1
0
0
1
1
0
1
0
0
0
0
0
0
0
0
0
0
0
0
0
0
0
0
0
0
0
0
0
0
0
0
0
0
0
0
0
1
0
0
0
0
0
0
0
0
0
0
0
0
1
0
0
0
0
0
0
0
0
0
0
0
0
0
0
0
0
0
0
0
0
0
0
0
0
0
0
0
0
0
0
0
0
0
0
0
0
0
0
0
1
0
0
0
0
0
0
0
0
0
0
0
0
0
0
0
0
0
0
0
0
0
0
1
0
0
0
0
0
0
0
0
0
0
0
0
0
0
0
0
0
0
0
0
0
0
0
0
0
0
0
0
0
0
0
0
0
0
0
0
0
0
0
1
0
0
0
0
0
0
0
0
1
1
0
0
0
0
0
0
0
0
0
0
0
0
0
0
0
0
0
0
1
0
0
0
0
0
0
0
0
0
0
0
0
0
0
0
0
0
0
1
0
0
0
0
0
0
0
0
0
0
0
0
0
0
0
0
0
0
0
0
0
0
0
0
0
0
0
0
0
0
0
0
0
0
0
0
1
0
0
0
0
0
0
0
0
0
0
0
0
0
0
0
0
0
0
0
0
0
1
0
0
1
0
0
0
0
0
0
0
0
0
0
0
0
0
0
0
0
0
0
0
0
0
0
0
0
1
