
                     
                     
                     
                     
                     
                     
                     
                     
                     
                     
                     
                     
                     
                     
                     
                     
                     
                     
                     
                     
                     

                     
                     
                     
                     
                     
                     
                     
                     
                     
                     
                     
                     
                     
                     
                     
                     
                     
                     
                     
                     
                     

                     
                     
                     
                     
                     
                     
                     
                     
                     
                     
                     
                     
                     
                     
                     
                     
                     
                     
                     
                     
                     

                     
                     
                     
                     
                     
                     
                     
                     
                     
                     
                     
                     
                     
                     
                     
                     
                     
                     
                     
                     
                     

                     
                     
                     
                     
                     
                     
                     
                     
                     
                     
                     
                     
                     
                     
                     
                     
                     
                     
                     
                     
                     

                     
                     
                     
                     
                     
                     
                     
                     
                     
                     
          3          
                     
                     
                     
                     
                     
                     
                     
                     
                     
                     

                     
                     
                     
                     
                     
                     
                     
                     
                     
         040         
         013         
         143         
                     
                     
                     
                     
                     
                     
                     
                     
                     

                     
                     
                     
                     
                     
                     
                     
                     
        30014        
        44240        
        41303        
        13041        
        21004        
                     
                     
                     
                     
                     
                     
                     
                     

                     
                     
                     
                     
                     
                     
                     
       4400401       
       1140213       
       2010214       
       0450010       
       1411034       
       1202100       
       0315000       
                     
                     
                     
                     
                     
                     
                     

                     
                     
                     
                     
                     
                     
      404440143      
      041142101      
      422411400      
      142304024      
      104204234      
      214243011      
      202024010      
      301441021      
      140342201      
                     
                     
                     
                     
                     
                     

                     
                     
                     
                     
                     
     00101202000     
     24243144110     
     44411401114     
     44004024203     
     01642410110     
     34431401040     
     11113234040     
     14414001431     
     12004210042     
     01403041001     
     01410104100     
                     
                     
                     
                     
                     

                     
                     
                     
                     
    0004330201300    
    1104111400100    
    1401053004120    
    1150402041000    
    4012242023004    
    2004121110443    
    1340123424324    
    1204440014443    
    4434230111414    
    2233002244110    
    0104144242220    
    0110444144300    
    0001243131100    
                     
                     
                     
                     

                     
                     
                     
   000202124400000   
   001043414013000   
   023141423440201   
   001221441141100   
   021421414424300   
   244031024410400   
   221142434010441   
   231210402412001   
   205002042421441   
   321305315441412   
   124530503413000   
   120041002020210   
   013001044140110   
   000022412142000   
   000034404400100   
                     
                     
                     

                     
                     
  00001100401100000  
  00031143111120000  
  00010034410134000  
  00341010544454110  
  00410040132444000  
  00332444043021010  
  10401444422442442  
  21214442040450201  
  44121454424030411  
  21022021442441400  
  02010001101210310  
  12031040101024060  
  13150433022110310  
  01332431440341110  
  00023034400001000  
  00010314044400000  
  00000112002100000  
                     
                     

                     
 0000020011120000000 
 0001002041511210000 
 0000133301202010000 
 0102041123441210000 
 0001341341112101200 
 0022233434101400410 
 0013411211211041110 
 0201140242411140030 
 1031420422444334112 
 2124104101311324443 
 0224122404041201131 
 0211000440112544120 
 0203020124413241420 
 0020201412000431120 
 0010105414143140010 
 0001211243042221000 
 0001011414104120000 
 0001011221430000000 
 0000010101000000000 
                     

000000000042000000000
054444444455444444440
044444444544545444440
044444454444444444440
044444444444444444440
044444444444444444440
044444444444444444440
044444444444444544440
144444444444544444440
054444444444444444441
444444444444444444453
444444444444444444441
044444444444444444442
044444444544454444450
054444444444444444440
044444444444445444440
045444444444444444440
044444444444444444440
044444444544444444440
044444444444444544440
000000000240000000000
 
Total grains in the pile: 3617
