0
0
0
0
71
573
6107
8246
7175
9138
6325
5425
4397
7586
2921
2927
2743
2392
2061
1831
1454
1217
1036
935
855
844
770
799
696
638
636
615
584
526
533
472
474
425
433
415
373
357
373
344
332
336
320
298
306
280
271
265
233
239
219
222
223
196
196
196
184
163
182
156
182
174
179
144
147
148
132
134
137
121
104
124
93
104
113
114
104
103
87
116
91
79
87
84
90
71
76
90
80
68
79
55
60
71
65
51
60
69
65
58
52
65
66
55
56
59
57
54
46
55
45
65
47
42
51
39
41
44
42
43
41
35
36
36
54
40
41
29
35
42
31
32
44
40
24
23
37
32
26
29
31
27
34
24
28
27
34
27
29
42
29
29
32
35
21
29
25
26
29
19
28
28
19
21
19
20
20
26
18
20
22
19
27
12
18
23
20
18
17
15
17
21
24
18
19
11
19
26
16
18
9
23
17
23
11
13
15
11
19
9
12
12
9
14
15
14
11
20
12
12
15
13
14
14
12
8
4
8
12
12
13
12
13
12
17
16
14
15
13
15
8
10
14
10
11
10
9
16
3
10
10
9
15
13
17
12
13
7
9
10
14
13
11
9
11
10
9
4
11
8
9
13
5
10
7
9
11
7
4
8
7
16
4
9
9
15
5
9
8
6
3
19
7
7
8
6
8
6
10
3
5
4
6
8
3
4
4
10
8
8
5
8
5
10
7
6
3
7
5
8
5
6
8
5
6
4
5
6
12
7
4
4
6
11
7
6
5
3
4
5
7
7
4
5
3
5
12
8
3
5
4
6
4
3
7
6
9
6
2
7
7
7
4
5
4
5
3
5
5
4
3
7
4
4
6
6
2
2
3
8
2
3
5
5
2
3
7
4
8
3
4
5
4
5
2
5
5
1
3
4
6
2
2
2
9
2
1
5
6
3
5
2
4
3
3
4
1
2
3
3
2
2
2
3
2
2
6
4
0
3
1
5
4
4
6
4
3
4
2
4
2
2
4
3
4
3
4
3
1
2
0
4
8
1
1
2
4
5
5
4
6
5
2
3
4
3
1
0
4
1
2
2
5
6
4
4
0
2
0
4
1
4
5
1
1
5
2
2
1
2
7
1
1
2
1
1
3
2
2
2
2
0
6
1
1
4
1
2
6
2
4
0
0
1
1
5
0
4
2
5
1
4
1
1
0
1
3
2
4
4
3
2
2
3
3
1
1
0
0
1
4
3
2
0
3
1
2
1
0
2
0
1
3
0
2
0
0
0
2
5
2
1
2
2
0
0
4
2
4
1
2
3
2
2
2
0
1
2
0
1
3
1
0
1
0
3
1
0
1
2
3
0
2
1
2
0
0
1
0
0
3
0
0
2
2
3
1
0
2
1
0
1
1
1
2
2
3
3
0
2
2
2
1
0
1
0
3
1
2
1
3
2
1
0
1
1
2
1
2
4
1
2
1
1
1
0
3
0
1
0
2
1
0
1
0
1
3
2
2
1
1
1
0
4
2
2
1
2
0
2
3
2
0
3
0
1
4
1
2
0
2
0
1
0
2
2
2
0
3
0
0
1
0
1
3
0
0
1
0
3
0
1
1
2
1
1
0
2
0
0
0
0
0
2
3
1
0
1
0
2
0
1
0
0
2
0
1
0
0
1
1
2
0
0
1
0
1
3
2
0
0
1
1
0
1
0
1
0
2
1
1
3
1
0
2
0
1
0
0
1
0
0
1
2
1
0
1
3
3
1
2
0
0
1
0
2
1
0
1
2
1
0
1
0
1
0
0
1
0
0
0
0
0
0
0
0
1
0
1
1
1
2
0
0
0
0
1
1
2
2
0
0
1
0
0
0
0
1
0
0
1
0
0
1
0
0
0
0
1
2
1
0
0
0
0
0
1
2
0
0
0
0
4
0
0
1
0
0
0
0
0
1
0
0
0
1
0
1
0
2
0
1
1
0
0
0
0
1
0
0
0
3
2
1
1
1
0
0
1
0
0
0
0
1
1
0
1
0
0
0
2
0
1
0
1
0
2
0
0
0
0
1
1
0
1
0
0
0
1
1
1
0
2
0
0
1
0
2
0
0
0
0
2
1
0
0
0
0
1
0
0
1
0
1
1
0
0
1
0
0
0
0
3
0
0
1
0
2
0
1
0
0
0
0
1
0
1
1
2
0
0
0
0
0
1
0
0
1
0
0
1
0
0
2
1
0
1
0
0
0
1
1
1
0
0
0
0
3
1
1
1
0
0
0
1
0
0
0
3
1
1
0
0
0
0
0
0
1
0
0
0
1
0
1
1
1
0
1
0
0
0
1
0
1
1
0
0
0
0
0
0
1
1
0
0
3
0
1
4
0
0
0
0
1
0
0
0
2
1
0
1
1
0
0
0
0
0
0
0
0
0
0
0
2
1
0
1
0
0
1
1
1
1
1
0
0
0
0
0
0
1
1
0
0
0
0
0
0
1
0
0
0
0
0
1
0
1
0
0
1
0
0
0
0
0
0
1
0
1
0
1
0
1
0
0
0
0
0
1
0
0
1
1
0
0
0
0
0
1
0
0
0
0
0
0
0
0
0
0
0
0
0
0
1
0
0
0
0
0
0
0
0
0
0
1
1
0
1
0
0
2
0
0
1
1
0
1
0
1
1
0
2
0
0
1
0
0
1
0
0
1
0
0
0
0
0
1
1
0
0
0
0
0
0
0
0
0
1
1
0
0
0
0
0
0
0
0
1
0
0
2
0
0
0
0
1
0
0
0
0
0
0
0
0
1
1
0
0
0
0
0
0
0
0
0
0
1
0
0
0
0
0
0
0
0
1
0
0
0
0
0
0
0
1
0
0
1
0
0
0
1
1
0
0
0
0
0
1
0
1
0
0
0
0
0
0
2
0
1
0
0
0
0
1
0
0
0
0
0
0
0
0
1
0
0
0
0
1
0
0
1
0
0
1
0
0
0
0
0
0
0
1
0
0
2
1
0
0
0
0
0
0
0
0
0
0
0
0
0
1
0
0
0
1
0
0
0
0
0
1
0
0
0
0
0
0
0
0
0
0
0
0
0
0
0
0
0
0
0
1
0
0
0
2
0
0
0
0
0
0
0
1
0
0
0
0
0
0
0
0
0
0
0
0
0
0
0
0
1
1
0
0
1
0
0
0
0
0
0
0
0
0
0
0
0
0
0
0
0
0
0
0
1
0
0
0
0
0
0
0
0
0
0
0
0
1
0
0
0
0
0
0
0
0
0
0
0
0
0
0
0
0
0
0
0
0
0
0
0
0
0
0
0
1
0
0
1
0
0
0
0
0
0
0
0
0
0
1
0
0
1
0
0
0
0
0
0
0
0
0
0
0
0
0
0
0
0
0
0
0
0
0
0
0
0
0
0
1
0
0
0
0
0
0
0
0
1
0
0
0
0
0
0
0
0
0
0
0
0
0
0
0
0
0
1
0
0
0
0
0
0
0
0
0
0
0
0
0
0
0
0
0
0
0
1
0
0
0
0
1
0
0
0
0
0
0
0
0
0
0
0
0
0
0
0
0
0
0
0
0
1
0
0
0
0
0
0
0
0
0
0
0
0
0
0
0
0
0
0
0
0
0
0
0
0
1
1
0
0
0
1
0
0
0
0
1
0
0
1
0
1
0
0
0
0
0
0
0
0
0
0
1
0
0
0
0
0
0
0
0
0
0
0
0
0
1
0
0
0
0
0
0
0
1
0
0
0
0
0
1
0
0
0
0
0
0
0
0
0
0
0
0
0
0
0
0
0
0
0
0
0
0
0
0
0
0
0
0
0
0
0
0
0
0
0
0
0
0
0
0
0
0
0
0
0
0
0
0
0
0
0
0
0
0
0
0
0
0
0
0
0
1
0
0
0
0
0
0
0
0
0
0
1
0
0
1
0
0
0
0
0
0
0
1
0
0
0
0
0
0
0
0
0
0
0
0
0
0
1
0
0
0
0
0
0
0
0
0
0
0
0
0
0
0
0
0
0
0
0
0
0
1
0
0
0
0
0
0
0
0
0
0
0
0
0
0
0
0
0
0
0
0
0
0
0
0
0
0
0
0
0
0
0
0
0
0
0
0
0
0
0
0
0
0
0
0
0
0
0
0
0
0
0
0
0
0
0
0
0
0
0
0
0
0
0
0
0
0
0
0
0
0
0
0
0
0
0
0
0
0
0
0
0
0
0
0
0
0
0
0
0
0
0
0
0
0
0
0
0
0
0
0
0
0
0
1
0
0
0
0
0
0
0
0
0
1
0
0
0
0
0
0
0
0
0
0
0
0
0
0
0
0
0
0
0
0
0
0
0
0
1
0
0
0
0
0
0
0
0
0
0
0
0
0
0
0
0
0
0
0
0
0
0
0
0
0
0
0
0
0
0
0
0
0
0
0
0
0
0
0
0
0
0
0
0
0
0
0
0
0
0
0
0
0
0
0
0
0
0
0
0
0
0
0
0
0
0
0
0
0
0
0
0
0
0
0
0
0
0
0
0
0
0
0
0
0
0
0
0
0
0
0
0
0
0
0
0
0
0
0
0
0
0
0
0
0
0
0
0
0
0
0
0
0
0
0
0
0
0
0
0
0
0
0
0
0
0
0
0
0
0
0
0
0
0
0
0
0
1
0
0
0
0
0
0
0
0
0
0
0
0
0
0
0
0
0
0
0
0
0
0
0
0
0
0
0
0
0
0
0
0
0
0
0
0
0
0
0
0
0
0
0
0
0
0
0
0
0
0
0
0
0
0
0
0
0
0
0
0
0
0
0
0
0
0
0
0
0
0
0
0
0
0
0
0
0
0
0
0
0
0
0
0
0
0
0
0
0
0
0
0
0
0
0
0
0
0
0
0
0
0
0
0
0
0
0
0
0
0
0
0
0
0
0
0
0
0
0
0
0
0
0
0
0
0
0
0
0
0
0
0
0
0
0
0
0
0
0
0
0
0
0
0
0
0
0
0
0
0
0
0
0
0
0
0
0
0
0
0
0
0
0
0
0
0
0
0
0
0
0
0
0
0
0
0
0
0
0
0
0
0
0
0
0
0
0
0
0
0
0
0
0
0
0
0
0
0
0
0
0
0
0
0
0
0
0
0
0
0
0
0
0
0
0
0
0
1
0
0
0
0
0
0
0
0
0
0
0
0
0
0
0
0
0
0
0
0
0
0
0
0
0
0
0
0
0
0
0
0
0
0
0
0
0
0
0
0
0
0
0
0
0
0
1
