
                     
                     
                     
                     
                     
                     
                     
                     
                     
                     
                     
                     
                     
                     
                     
                     
                     
                     
                     
                     
                     

                     
                     
                     
                     
                     
                     
                     
                     
                     
                     
                     
                     
                     
                     
                     
                     
                     
                     
                     
                     
                     

                     
                     
                     
                     
                     
                     
                     
                     
                     
                     
                     
                     
                     
                     
                     
                     
                     
                     
                     
                     
                     

                     
                     
                     
                     
                     
                     
                     
                     
                     
                     
                     
                     
                     
                     
                     
                     
                     
                     
                     
                     
                     

                     
                     
                     
                     
                     
                     
                     
                     
                     
                     
                     
                     
                     
                     
                     
                     
                     
                     
                     
                     
                     

                     
                     
                     
                     
                     
                     
                     
                     
                     
                     
          0          
                     
                     
                     
                     
                     
                     
                     
                     
                     
                     

                     
                     
                     
                     
                     
                     
                     
                     
                     
         000         
         000         
         000         
                     
                     
                     
                     
                     
                     
                     
                     
                     

                     
                     
                     
                     
                     
                     
                     
                     
        00000        
        00000        
        00000        
        00000        
        00000        
                     
                     
                     
                     
                     
                     
                     
                     

                     
                     
                     
                     
                     
                     
                     
       0000000       
       0000000       
       0000000       
       0000000       
       0000000       
       0000000       
       0000000       
                     
                     
                     
                     
                     
                     
                     

                     
                     
                     
                     
                     
                     
      000000000      
      000000000      
      000000000      
      000000000      
      000000000      
      000000000      
      000000000      
      000000000      
      000000000      
                     
                     
                     
                     
                     
                     

                     
                     
                     
                     
                     
     00000000000     
     00000000000     
     00000000000     
     00000000000     
     00000030000     
     00000001000     
     00000000000     
     00000000000     
     00000000000     
     00000000000     
     00000000000     
                     
                     
                     
                     
                     

                     
                     
                     
                     
    0000000000000    
    0000000000000    
    0000000000000    
    0000000000000    
    0000000000000    
    0000001401000    
    0000000040000    
    0000000000000    
    0000000000000    
    0000000000000    
    0000000000000    
    0000000000000    
    0000000000000    
                     
                     
                     
                     

                     
                     
                     
   000000000000000   
   000000000000000   
   000000000000000   
   000000000000000   
   000000000000000   
   000000000000000   
   000010034000000   
   000000000400000   
   000000414201000   
   000000010000000   
   000000000000000   
   000000000000000   
   000000000000000   
   000000000000000   
   000000000000000   
                     
                     
                     

                     
                     
  00000000000000000  
  00000000000000000  
  00000000000000000  
  00000000000000000  
  00000000000000000  
  00000000000000000  
  00000000101200000  
  00000401044100000  
  00000122144210000  
  00000024243000000  
  00000022001100000  
  00000000100000000  
  00000000000000000  
  00000000000000000  
  00000000000000000  
  00000000000000000  
  00000000000000000  
                     
                     

                     
 0000000000000000000 
 0000000000000000000 
 0000000000000000000 
 0000000000000000000 
 0000000000000000000 
 0000000104001000000 
 0000000110001000000 
 0000011304044000000 
 0000001440143200000 
 0000014404440100000 
 0000001042421200000 
 0000001420420000000 
 0000010033021000000 
 0000000000100000000 
 0000000002000000000 
 0000000000000000000 
 0000000000000000000 
 0000000000000000000 
 0000000000000000000 
                     

000000000000000000000
000000000010000000000
000000000010000000000
000000000000000000000
000000000001100000000
000000012444412000000
000000144444444000000
000003454444444200000
000004444444444000000
000024444444454410000
000245444444444410000
000234644444444400000
000023444444444300000
000011444444444000000
000002444444442100000
000000134444441000000
000000001210300000000
000000000001000000000
000000000000000000000
000000000000000000000
000000000000000000000
 
Total grains in the pile: 653
