
000000000000000000000
000000000000000000000
000000000000000000000
000000000000000000000
000000000000000000000
000000000000000000000
000000000000000000000
000000000000000000000
000000000000000000000
000000000000000000000
000000000000000000000
000000000000000000000
000000000000000000000
000000000000000000000
000000000000000000000
000000000000000000000
000000000000000000000
000000000000000000000
000000000000000000000
000000000000000000000
000000000000000000000

000000000000000000000
000000000000000000000
000000000000000000000
000000000000000000000
000000000000000000000
000000000000000000000
000000000000000000000
000000000000000000000
000000000000000000000
000000000000000000000
000000000000000000000
000000000000000000000
000000000000000000000
000000000000000000000
000000000000000000000
000000000000000000000
000000000000000000000
000000000000000000000
000000000000000000000
000000000000000000000
000000000000000000000

000000000000000000000
000000000000000000000
000000000000000000000
000000000000000000000
000000000000000000000
000000000000000000000
000000000000000000000
000000000000000000000
000000000000000000000
000000000000000000000
000000000000000000000
000000000000000000000
000000000000000000000
000000000000000000000
000000000000000000000
000000000000000000000
000000000000000000000
000000000000000000000
000000000000000000000
000000000000000000000
000000000000000000000

000000000000000000000
000000000000000000000
000000000000000000000
000000000000000000000
000000000000000000000
000000000000000000000
000000000000000000000
000000000000000000000
000000000000000000000
000000000000000000000
000000000000000000000
000000000000000000000
000000000000000000000
000000000000000000000
000000000000000000000
000000000000000000000
000000000000000000000
000000000000000000000
000000000000000000000
000000000000000000000
000000000000000000000

000000000000000000000
000000000000000000000
000000000000000000000
000000000000000000000
000000000000000000000
000000000000000000000
000000000000000000000
000000000000000000000
000000000000000000000
000000000000000000000
000000000000000000000
000000000000000000000
000000000000000000000
000000000000000000000
000000000000000000000
000000000000000000000
000000000000000000000
000000000000000000000
000000000000000000000
000000000000000000000
000000000000000000000

000000000000000000000
000000000000000000000
000000000000000000000
000000000000000000000
000000000000000000000
000000000000000000000
000000000000000000000
000000000000000000000
000000000000000000000
000000000000000000000
000000000040000000000
000000000000000000000
000000000000000000000
000000000000000000000
000000000000000000000
000000000000000000000
000000000000000000000
000000000000000000000
000000000000000000000
000000000000000000000
000000000000000000000

000000000000000000000
000000000000000000000
000000000000000000000
000000000000000000000
000000000000000000000
000000000000000000000
000000000000000000000
000000000000000000000
000000000000000000000
000000000430000000000
000000000544000000000
000000000444000000000
000000000000000000000
000000000000000000000
000000000000000000000
000000000000000000000
000000000000000000000
000000000000000000000
000000000000000000000
000000000000000000000
000000000000000000000

000000000000000000000
000000000000000000000
000000000000000000000
000000000000000000000
000000000000000000000
000000000000000000000
000000000000000000000
000000000000000000000
000000004200400000000
000000004401400000000
000000004454400000000
000000003440400000000
000000004444400000000
000000000000000000000
000000000000000000000
000000000000000000000
000000000000000000000
000000000000000000000
000000000000000000000
000000000000000000000
000000000000000000000

000000000000000000000
000000000000000000000
000000000000000000000
000000000000000000000
000000000000000000000
000000000000000000000
000000000000000000000
000000024150020000000
000000010020020000000
000000044014330000000
000000041443140000000
000000005420440000000
000000044420440000000
000000054434430000000
000000000000000000000
000000000000000000000
000000000000000000000
000000000000000000000
000000000000000000000
000000000000000000000
000000000000000000000

000000000000000000000
000000000000000000000
000000000000000000000
000000000000000000000
000000000000000000000
000000000000000000000
000000004141134000000
000000103022024000000
000000011101041000000
000000341422300000000
000000423220210000000
000000524301403000000
000000344120002000000
000000234404441000000
000000144344412000000
000000000000000000000
000000000000000000000
000000000000000000000
000000000000000000000
000000000000000000000
000000000000000000000

000000000000000000000
000000000000000000000
000000000000000000000
000000000000000000000
000000000000000000000
000001130424310100000
000001411420024200000
000001020223411200000
000001201441200400000
000003401313220200000
000004424444122000000
000000422233123500000
000003441013024400000
000003244014121100000
000000204440244100000
000001414334011200000
000000000000000000000
000000000000000000000
000000000000000000000
000000000000000000000
000000000000000000000

000000000000000000000
000000000000000000000
000000000000000000000
000000000000000000000
000001041415031000000
000002241124040200000
000002002420412420000
000015410324321140000
000024121444104440000
000044320343432110000
000061441404410440000
000030341442022010000
000002400022235440000
000012244142404450000
000020132134110100000
000003224444430120000
000000112334143100000
000000000000000000000
000000000000000000000
000000000000000000000
000000000000000000000

000000000000000000000
000000000000000000000
000000000000000000000
000001104443221100000
000020423224114100000
000024302444442011000
000034143441541440000
000242224204432400000
000042404400230404000
000124414144234111000
000444441404012224000
000040433444241443000
000014640244320442000
000304241241122404000
000104040444423141000
000004122444413440000
000000443041403100000
000011314142211000000
000000000000000000000
000000000000000000000
000000000000000000000

000000000000000000000
000000000000000000000
000000024444420000000
000000232444444000000
000004240343421410000
000042311342444440000
000441422044404022100
000420444442410441000
001042444343024024000
001301241544210302400
001144444412134411400
003144444444421240400
002014444244411245000
001142440444044424000
001030424436444440000
000240444444440432000
000002444444445400000
000032444432044010000
000000022434020000000
000000000000000000000
000000000000000000000

000000000000000000000
000000000244100000000
000000120442440100000
000012441044444200000
000014444444444430000
000444154444443444100
011444431444233104400
004434344444403401410
034104445112430324410
032421244244441014510
044424444342043044440
044444434442644454420
031423433442154444410
014434444444444445400
002441434444444445100
000244344444444542000
000014444444444400000
000012445444043410000
000001014441110000000
000000000110000000000
000000000000000000000

000000000010000000000
044455444444544444440
044444444444544544440
044444444444444444440
044444454444444444440
044444444444444445440
044444444444444444440
044444444444444444440
144444454444456444440
244445444444444444441
244545444444444444445
344444544444444445440
044444444444444444440
044454444445444444440
054444444444445454440
044444444444444445440
044445444444444444440
044444444444444444440
044444455444544444440
044444444444444444440
000000000230100000000
 
Total grains in the pile: 4560
