0
0
0
0
125
8464
16401
21740
17370
10759
6262
3568
1932
1114
409
850
714
635
599
573
493
439
400
308
314
305
241
249
223
204
174
139
161
151
152
131
124
121
98
81
79
87
84
62
63
70
63
40
40
42
46
41
38
44
42
27
36
25
32
24
29
28
24
22
23
13
21
17
17
16
18
19
14
7
12
17
13
16
19
15
16
11
18
7
11
8
21
10
13
18
7
14
12
13
10
7
7
9
4
6
10
11
7
11
5
6
12
8
2
6
7
8
13
9
11
9
5
5
8
11
10
6
4
7
6
7
8
6
3
3
4
2
6
6
4
5
5
9
10
7
4
5
5
8
9
2
2
8
3
7
8
3
5
4
6
7
6
4
2
8
3
4
3
6
5
8
2
6
4
4
1
4
1
7
3
2
7
4
6
4
2
4
5
8
3
3
3
3
3
5
5
4
7
3
6
3
3
9
4
6
2
4
4
6
2
1
6
4
3
3
4
8
3
3
0
4
2
8
6
3
2
4
7
3
0
1
4
3
6
5
2
3
2
3
1
0
7
2
1
4
3
5
5
3
2
3
2
5
3
1
4
5
5
3
3
3
1
6
5
2
4
2
5
6
3
6
2
5
2
1
2
7
5
4
4
5
1
1
4
1
6
0
4
2
3
4
2
1
6
5
5
2
1
3
2
4
3
3
3
0
2
8
3
5
4
2
2
2
3
3
1
4
2
3
2
2
1
2
1
2
2
4
2
4
3
3
4
3
5
3
2
0
1
1
3
0
1
5
1
3
3
3
2
4
1
2
1
2
0
1
3
3
1
3
3
2
3
2
6
2
1
2
1
2
5
6
4
4
3
4
1
3
2
3
4
3
3
2
3
6
2
2
3
3
2
2
1
6
1
3
4
0
1
1
4
4
3
6
0
3
1
1
4
3
5
1
2
4
1
5
3
1
2
5
1
1
2
0
4
6
1
3
1
4
2
1
0
4
5
4
3
4
0
3
3
3
2
2
1
2
5
1
7
2
2
2
2
3
2
4
1
5
2
3
2
3
1
1
2
3
2
3
3
3
1
0
2
2
2
2
2
1
1
1
2
1
1
5
0
0
4
4
1
2
2
3
1
0
1
0
2
2
0
1
3
3
1
1
4
0
2
1
5
2
2
5
3
3
2
1
4
1
1
1
4
1
6
2
3
0
2
1
0
4
2
1
4
1
3
5
0
3
4
0
0
4
1
2
3
1
4
2
4
0
0
2
3
0
2
2
2
2
1
1
1
3
0
2
3
4
1
3
3
1
0
5
0
1
2
3
1
0
1
2
2
1
2
3
0
4
1
1
2
3
3
1
0
2
5
1
0
1
1
2
3
0
3
2
0
3
4
1
1
1
1
1
1
2
1
1
2
2
2
2
0
0
1
2
2
0
1
2
0
1
2
0
0
3
3
3
1
1
1
0
0
1
0
6
0
1
0
0
1
2
3
1
1
4
2
3
1
4
2
3
0
2
0
1
1
1
1
1
1
2
2
1
3
2
0
1
1
2
1
1
0
0
1
1
1
1
2
0
3
4
2
1
1
3
3
0
2
1
0
2
0
1
1
0
2
0
1
3
2
1
1
2
2
1
1
3
1
0
0
4
0
3
1
1
1
1
1
1
1
0
1
1
0
4
0
0
1
2
2
2
4
2
1
1
0
0
3
0
1
3
2
2
1
2
2
5
3
0
4
1
0
1
3
1
0
1
1
0
0
2
4
0
3
0
1
0
0
2
0
2
2
1
0
1
1
2
1
1
2
0
1
1
1
2
0
0
0
0
0
1
1
1
0
2
0
1
0
2
2
0
1
0
1
0
1
1
3
1
1
2
2
3
1
0
1
0
3
0
4
1
2
0
0
0
0
2
1
0
2
4
0
1
2
0
0
1
1
0
2
2
2
1
4
0
2
1
1
0
0
0
0
0
2
0
1
1
1
3
0
1
1
1
2
1
0
0
0
0
1
1
2
3
0
1
1
1
3
1
1
2
1
1
3
0
0
0
0
1
2
0
0
0
1
1
1
0
1
0
1
5
0
2
0
0
1
0
1
3
3
1
0
0
0
0
2
1
1
1
1
2
0
1
0
2
1
0
0
1
0
1
0
0
2
1
0
1
0
0
3
1
0
0
1
0
0
0
0
2
1
0
2
0
0
0
2
0
2
0
1
1
0
0
1
0
0
0
1
0
1
1
1
2
1
1
0
0
2
1
4
0
2
2
0
1
0
2
3
0
0
0
0
0
1
1
0
2
1
0
0
2
0
1
0
0
0
0
0
2
1
1
2
0
0
1
1
1
1
2
0
0
1
1
0
0
1
1
0
1
0
0
1
0
0
1
1
0
1
1
1
2
4
2
1
1
0
1
1
0
0
0
1
5
2
0
0
2
1
1
2
2
0
2
0
1
0
0
1
0
1
1
0
1
0
3
0
0
1
0
0
0
1
1
0
0
0
1
1
1
0
1
2
0
0
0
1
0
2
0
2
0
0
1
1
1
0
0
1
1
1
1
0
1
0
1
0
2
0
1
0
0
1
0
0
1
1
0
0
0
1
0
0
1
0
1
0
1
0
1
3
1
0
0
2
0
0
1
2
0
0
1
1
0
1
0
0
0
0
0
1
2
1
0
0
1
1
0
0
1
0
1
0
0
0
1
1
0
0
1
1
1
0
1
0
1
0
1
0
2
0
1
0
0
1
0
1
0
1
1
2
2
0
1
2
2
1
1
0
1
1
0
0
0
1
1
1
0
0
0
0
1
0
1
1
1
0
1
1
1
1
0
0
0
1
0
0
1
1
0
0
1
0
0
1
2
0
0
0
0
0
2
0
1
1
0
1
0
1
0
1
1
1
0
2
0
1
0
1
0
0
0
0
0
0
2
1
2
0
0
0
0
0
0
0
3
0
0
0
0
0
1
0
0
0
1
0
1
1
0
0
0
1
0
0
0
1
0
1
0
1
0
0
0
2
2
1
0
0
0
0
0
1
0
0
0
0
0
0
0
0
0
0
0
0
1
0
0
0
0
0
0
0
0
0
1
0
1
1
0
1
0
0
0
0
0
0
0
0
0
0
0
0
0
0
1
0
0
0
0
0
0
0
0
2
0
1
1
0
1
0
0
0
0
0
0
0
0
0
0
0
0
0
0
0
0
0
0
1
0
1
0
0
0
0
1
0
0
2
0
0
0
1
0
1
0
0
0
0
0
0
0
0
1
0
0
1
0
0
0
2
0
0
0
0
0
1
0
1
0
0
0
0
0
0
1
1
0
1
1
0
1
1
0
0
2
0
0
0
1
0
0
1
0
0
1
0
1
1
1
1
0
0
0
0
0
0
0
1
1
0
0
0
0
0
0
0
0
1
0
0
1
1
0
1
1
0
0
0
0
0
0
1
1
1
0
0
0
1
0
0
1
0
0
0
2
0
1
0
1
0
2
0
0
0
0
0
0
0
0
0
0
0
0
0
1
1
0
0
1
1
0
1
0
0
0
0
0
0
1
0
0
3
0
0
0
0
0
1
0
0
0
0
0
0
0
0
0
0
0
0
0
1
1
0
0
0
0
1
0
1
0
0
1
0
0
0
0
0
0
0
0
0
0
0
0
0
0
0
0
0
0
0
0
0
1
0
0
0
1
0
0
0
0
0
0
0
0
0
0
0
0
0
0
0
0
0
0
1
0
0
0
0
0
0
1
0
0
0
0
0
0
0
0
0
0
0
0
1
0
0
2
0
0
0
0
0
0
2
0
1
0
0
1
1
0
0
0
0
1
0
1
0
0
0
0
0
0
0
0
0
0
0
1
0
0
0
0
1
0
1
0
0
0
0
0
1
0
0
0
0
0
0
0
0
0
1
0
1
1
1
0
0
0
0
0
0
0
0
0
0
0
0
0
0
0
0
0
0
1
0
0
1
0
0
0
0
0
0
1
0
0
0
0
0
0
1
1
0
2
1
0
0
1
0
0
0
0
0
0
0
0
1
0
1
0
0
0
0
0
0
0
0
0
0
0
0
0
0
0
0
0
0
0
0
0
0
0
0
0
0
0
0
0
1
0
1
1
0
0
0
0
0
0
0
1
0
1
0
0
0
0
0
0
0
1
1
0
0
0
0
1
1
0
0
0
0
0
0
0
0
1
0
1
0
0
1
0
0
0
0
0
0
0
1
0
1
0
0
0
0
0
0
1
0
0
0
0
0
0
0
0
0
0
0
0
0
0
0
0
0
0
0
0
0
0
0
0
0
0
0
0
0
0
0
0
0
0
0
0
0
0
0
0
1
0
0
0
0
0
0
1
0
0
0
1
0
0
0
0
0
0
0
0
0
0
0
0
0
0
0
0
1
0
0
1
0
0
0
0
0
0
0
0
1
0
0
0
0
1
0
0
0
0
0
0
0
1
0
0
0
0
0
0
0
0
0
0
1
0
0
0
0
0
0
0
0
1
0
0
0
0
0
0
0
0
0
0
0
0
1
0
0
0
0
0
0
0
0
0
0
0
0
0
0
0
0
0
0
0
0
0
0
0
0
0
1
0
0
0
0
0
0
1
0
0
0
1
0
0
0
0
0
0
0
0
0
0
0
0
0
0
0
0
0
0
0
0
0
0
0
1
0
0
0
0
1
0
0
0
0
1
0
0
0
0
0
0
0
1
0
0
1
0
0
0
0
0
0
0
0
0
1
0
0
0
0
0
0
0
1
0
0
0
0
0
0
0
0
0
0
0
0
0
0
0
0
0
1
1
0
0
0
0
0
0
0
0
0
0
0
0
0
0
0
0
0
0
0
0
0
1
0
0
0
0
0
0
0
0
0
0
0
0
0
0
0
0
0
0
0
0
0
1
0
1
0
0
0
0
0
1
0
0
0
0
0
0
0
0
0
0
0
0
1
1
0
0
0
0
0
0
1
0
0
0
0
0
0
1
0
0
0
0
0
1
0
1
0
0
0
0
0
0
0
0
1
0
0
0
0
0
0
0
0
0
0
0
0
0
0
0
0
0
0
0
0
0
1
0
0
0
0
0
0
0
0
0
0
0
0
0
0
0
0
0
0
0
0
0
0
0
0
0
0
1
0
0
0
0
0
0
0
0
0
0
0
0
0
0
0
0
0
0
0
0
0
0
0
1
0
1
0
0
0
0
0
0
0
0
0
0
0
0
0
0
0
0
0
0
0
0
0
0
0
0
0
0
0
0
0
0
0
0
0
0
0
0
0
0
0
0
0
0
0
0
0
0
1
0
1
0
0
0
0
0
1
0
0
0
0
0
0
0
0
0
0
0
0
0
0
0
0
0
0
0
0
1
0
1
1
0
0
0
0
0
0
0
0
0
0
0
0
1
0
0
0
0
0
0
0
0
0
0
0
0
0
0
0
0
0
0
0
0
0
0
2
0
0
0
0
0
0
0
0
0
0
0
0
0
0
0
0
0
1
1
0
0
0
1
0
0
0
0
0
0
0
0
0
0
0
0
0
0
0
0
0
0
0
0
0
0
0
0
0
0
0
0
0
0
0
0
0
0
0
0
0
0
0
0
0
0
0
0
0
0
0
0
0
0
0
0
0
0
0
0
0
0
0
0
0
0
0
0
0
0
0
0
0
0
0
0
0
0
0
0
0
0
0
0
0
0
0
0
0
0
0
0
0
0
0
0
0
0
1
0
1
0
0
0
0
0
0
1
0
0
0
1
0
0
1
0
0
0
0
0
0
0
0
0
0
0
0
0
0
1
0
0
0
0
0
0
0
0
0
0
0
0
0
0
0
0
0
0
0
0
0
0
0
0
0
0
0
0
0
0
0
0
0
0
0
0
0
0
0
0
0
0
0
1
0
0
0
0
0
0
0
0
0
0
0
0
0
0
0
0
0
0
0
0
0
0
0
0
0
0
0
0
0
0
0
0
0
0
0
0
0
0
0
0
0
0
0
1
0
0
0
0
0
0
0
0
0
0
0
0
0
0
0
0
0
0
0
0
0
0
0
0
0
0
0
0
0
0
0
0
0
0
0
0
0
0
0
0
0
0
0
0
0
0
0
0
0
0
0
0
0
0
0
0
0
0
0
0
0
0
0
0
0
0
0
0
0
1
0
0
0
0
0
0
0
0
0
0
0
0
0
0
0
0
0
0
0
0
0
0
0
0
0
0
0
0
0
0
0
0
0
0
0
0
0
0
0
0
0
0
0
0
0
0
0
0
0
0
0
0
0
0
0
0
0
0
0
0
0
0
0
0
0
0
0
0
0
0
0
0
0
0
0
0
0
0
0
0
0
0
0
0
0
0
0
0
0
0
0
0
0
0
0
0
0
0
0
0
0
0
0
0
0
0
0
0
0
0
0
0
0
0
0
0
1
0
0
0
0
0
0
0
0
0
0
0
0
0
0
0
0
0
0
0
0
0
0
0
0
0
0
0
0
0
0
0
0
0
0
0
0
0
0
0
0
1
0
0
0
0
0
0
0
0
0
0
0
0
0
0
0
0
0
0
0
0
0
0
0
0
0
0
0
0
0
0
0
0
0
0
0
0
0
0
0
0
0
0
0
0
0
0
0
0
0
0
0
0
0
0
0
0
0
0
0
0
0
0
0
0
0
0
0
0
0
0
0
0
0
0
0
0
0
0
0
1
0
0
0
0
0
0
0
0
0
0
0
0
0
0
0
0
0
0
0
0
0
0
0
0
0
0
0
0
0
0
0
0
0
0
0
0
0
0
0
0
0
0
0
0
0
0
0
0
0
0
0
0
0
0
0
0
0
0
0
0
0
0
0
0
0
0
1
0
0
0
0
0
0
0
0
0
0
0
0
1
0
0
0
0
0
0
0
0
0
0
0
0
0
0
0
0
0
0
0
0
0
0
0
0
0
0
0
0
0
0
0
0
0
0
0
0
0
0
0
0
0
0
0
0
0
0
0
0
0
0
0
0
0
0
0
1
0
0
0
0
0
0
0
0
0
0
0
0
0
0
0
0
0
0
0
0
0
0
0
0
0
0
0
0
0
0
0
0
0
0
0
0
0
0
0
0
0
0
0
0
0
0
0
0
0
0
0
0
0
0
0
0
0
0
0
0
0
0
0
0
0
0
0
0
0
0
0
0
0
0
0
0
0
0
0
0
0
0
0
0
0
0
0
0
0
0
0
0
0
0
0
0
0
0
0
0
0
0
0
0
0
0
0
0
0
0
0
0
0
0
0
0
0
0
0
0
0
0
0
0
0
0
0
0
0
0
0
0
0
0
0
0
0
0
0
0
0
0
0
0
0
0
0
0
0
0
0
0
1
