
                     
                     
                     
                     
                     
                     
                     
                     
                     
                     
                     
                     
                     
                     
                     
                     
                     
                     
                     
                     
                     

                     
                     
                     
                     
                     
                     
                     
                     
                     
                     
                     
                     
                     
                     
                     
                     
                     
                     
                     
                     
                     

                     
                     
                     
                     
                     
                     
                     
                     
                     
                     
                     
                     
                     
                     
                     
                     
                     
                     
                     
                     
                     

                     
                     
                     
                     
                     
                     
                     
                     
                     
                     
                     
                     
                     
                     
                     
                     
                     
                     
                     
                     
                     

                     
                     
                     
                     
                     
                     
                     
                     
                     
                     
                     
                     
                     
                     
                     
                     
                     
                     
                     
                     
                     

                     
                     
                     
                     
                     
                     
                     
                     
                     
                     
          4          
                     
                     
                     
                     
                     
                     
                     
                     
                     
                     

                     
                     
                     
                     
                     
                     
                     
                     
                     
         401         
         140         
         311         
                     
                     
                     
                     
                     
                     
                     
                     
                     

                     
                     
                     
                     
                     
                     
                     
                     
        11400        
        44012        
        00004        
        10244        
        02224        
                     
                     
                     
                     
                     
                     
                     
                     

                     
                     
                     
                     
                     
                     
                     
       1111431       
       0013401       
       2044212       
       4344041       
       1224111       
       1121100       
       2102132       
                     
                     
                     
                     
                     
                     
                     

                     
                     
                     
                     
                     
                     
      132010214      
      011141110      
      111114011      
      002102131      
      141400121      
      010213244      
      113401201      
      110400000      
      000100223      
                     
                     
                     
                     
                     
                     

                     
                     
                     
                     
                     
     03104240010     
     02133101112     
     20211401100     
     20211144041     
     24404024422     
     01414423014     
     20462214400     
     01442030120     
     14144110200     
     00050000121     
     00120004110     
                     
                     
                     
                     
                     

                     
                     
                     
                     
    0000120411200    
    0004102204321    
    0121010412101    
    1100112433011    
    3002303414100    
    0020141212102    
    2414244004142    
    1220441100404    
    1220412001031    
    1112141321011    
    0002004203401    
    0102100121230    
    0001203100200    
                     
                     
                     
                     

                     
                     
                     
   000123414230000   
   011112410110000   
   011020140221200   
   212140022000021   
   114311204112140   
   112344144230142   
   421222441044441   
   444113340101244   
   100010204011330   
   123404000024400   
   213004101124000   
   011341114141110   
   010110210442130   
   000140320142000   
   000012024210000   
                     
                     
                     

                     
                     
  00000001220000000  
  00002201142100000  
  00011003243441000  
  02123241400110210  
  04040404014143110  
  00041044200444300  
  31115423143001410  
  20414002444242020  
  14420004100034400  
  31422114204444011  
  30403014413020110  
  03112144441410441  
  01441430444111030  
  01444442040040010  
  00141440144431200  
  00000003112100000  
  00001002410000000  
                     
                     

                     
 0000000204100000000 
 0000001245441200000 
 0000131200541220000 
 0003014442414001000 
 0002143432444414100 
 0040404104444451220 
 0302144411430001110 
 0211442211120413121 
 2114304442421342401 
 0044540414412444440 
 0444143425312224141 
 0023444421124422530 
 0141411424244023400 
 0040210041144314200 
 0013414244004401100 
 0001102244444040000 
 0001014400110410000 
 0000024044322000000 
 0000010104000000000 
                     

000000001230000000000
054444554444444454440
044464444444464444440
045444444444444444440
045444444444444444440
044444444444444444440
044444444454444445441
044444454444444444540
044444444444445444440
044444444444544444440
444444444444444444444
044444444444444444442
044444444444444444441
044444444444444444440
044444444444444444440
044444444445444444440
044444445444444444540
044444444444444444440
044444444444444445540
044444444455444544440
000000000010000000000
 
Total grains in the pile: 3535
