0
0
0
0
414
12857
17912
8521
9325
6917
8050
4552
5120
6575
1325
939
747
592
557
504
499
394
360
374
355
338
310
298
275
229
259
196
261
192
219
186
195
195
196
168
156
168
147
146
141
127
171
151
143
134
126
107
98
106
101
113
93
106
95
84
91
93
82
90
86
80
82
71
69
79
74
74
77
78
58
63
65
68
63
71
63
65
53
47
64
51
52
38
47
60
36
30
45
39
42
47
43
32
36
39
33
43
36
45
33
40
39
45
40
38
45
35
31
34
25
33
31
34
38
29
30
29
26
24
36
28
17
23
28
23
27
20
37
28
17
22
22
26
26
18
20
26
24
23
31
22
20
20
24
20
19
25
19
18
23
22
23
14
22
19
25
35
18
21
29
15
17
22
17
20
17
16
17
22
19
21
15
25
13
19
15
24
18
14
16
17
11
22
11
15
16
22
18
12
7
26
11
16
22
15
21
13
14
23
18
16
9
9
12
13
17
11
19
15
13
18
13
12
14
12
10
7
9
10
8
11
15
13
12
13
17
15
14
14
10
16
9
7
5
10
11
16
9
8
9
10
10
11
11
6
4
9
17
6
8
6
8
7
11
9
8
11
5
7
5
9
12
10
10
4
12
9
13
11
11
12
8
6
9
9
7
10
8
4
7
2
6
4
14
9
7
7
9
11
6
6
3
5
5
10
8
8
9
8
9
8
6
9
10
9
2
6
4
6
4
9
10
10
8
12
12
8
4
8
8
4
7
2
7
8
6
6
5
4
6
8
9
7
6
5
2
0
3
4
6
4
9
3
2
9
3
2
7
10
4
3
6
7
4
7
4
5
3
2
10
4
7
4
5
6
0
3
4
1
10
5
11
5
3
5
7
2
6
6
7
3
4
4
2
5
1
3
6
5
4
6
1
5
2
7
11
2
8
2
4
5
4
6
0
3
0
7
2
1
1
5
7
3
6
6
2
2
5
3
2
1
5
4
3
3
2
1
1
4
6
2
0
3
2
1
2
3
2
2
1
4
1
5
3
6
6
2
1
3
3
4
4
1
1
1
2
1
2
3
3
6
2
1
1
2
1
1
2
1
0
1
1
2
4
4
2
2
6
3
1
4
4
0
1
3
2
0
3
2
1
3
3
4
3
0
5
1
1
3
4
2
4
2
1
0
4
4
4
4
2
3
3
3
2
3
2
1
4
1
2
5
4
1
3
4
0
3
2
1
1
1
3
3
1
1
2
2
2
0
0
3
0
1
1
1
2
1
1
3
1
3
3
1
1
1
5
2
5
3
0
1
4
1
1
2
0
1
1
0
4
1
0
1
0
4
3
0
0
2
0
1
3
1
2
0
1
2
1
2
1
2
2
1
0
1
1
0
0
0
2
1
2
0
2
0
3
0
2
1
2
0
1
1
0
1
1
2
0
0
1
1
0
2
2
0
2
1
0
2
0
3
0
1
0
1
1
0
1
1
1
0
2
0
1
2
0
1
2
0
2
0
0
1
1
0
0
1
0
0
0
0
2
1
1
0
1
2
0
1
0
0
2
0
1
0
0
0
2
2
1
0
1
1
1
0
2
0
1
0
0
1
1
1
3
0
0
0
0
0
0
2
1
0
0
1
0
0
1
2
0
1
0
1
2
0
0
1
1
2
0
0
0
0
1
0
0
1
0
1
0
1
1
1
0
0
1
1
0
1
0
1
0
1
0
2
0
0
0
1
0
0
0
0
0
0
0
0
0
1
0
0
0
1
0
2
0
0
0
1
0
0
0
1
2
0
0
0
1
1
0
0
1
0
1
2
0
0
1
0
2
0
0
0
0
0
0
1
0
0
0
0
1
0
1
0
1
0
0
0
0
0
0
1
0
0
0
0
0
0
0
1
0
0
0
0
0
1
0
0
0
0
0
1
0
0
1
0
0
0
0
0
0
1
0
1
1
0
1
0
0
0
0
1
0
0
0
0
0
0
2
0
0
0
0
0
0
0
0
0
1
2
0
0
0
1
0
0
2
1
1
1
0
0
0
0
0
1
0
0
0
0
0
0
0
0
0
0
0
0
0
0
0
0
0
0
0
0
1
1
2
0
0
0
0
1
0
0
0
0
1
0
0
0
0
0
0
0
0
0
1
0
0
0
1
0
0
0
1
0
0
0
0
0
0
0
1
1
0
0
0
0
0
0
0
1
0
1
0
0
0
0
0
0
0
0
0
0
0
0
0
0
0
0
0
0
0
0
0
0
0
0
1
0
0
0
0
0
0
0
0
1
0
0
0
0
2
0
1
0
0
0
0
0
0
0
0
0
0
0
0
0
0
0
0
0
0
0
0
0
0
0
0
0
1
0
0
1
0
0
0
0
0
0
0
0
0
0
0
0
0
1
0
0
0
0
1
0
0
0
0
0
0
0
0
0
0
0
0
0
0
0
0
0
0
0
0
1
0
0
0
0
0
0
0
0
0
0
0
0
0
0
0
0
0
0
0
0
0
0
0
0
0
0
1
1
0
0
0
0
0
1
0
0
1
0
0
0
0
0
0
0
1
0
0
0
0
0
0
0
0
0
0
0
0
0
0
0
0
0
0
0
1
0
0
0
0
0
0
0
0
0
0
0
0
0
0
0
0
0
0
0
0
0
1
0
0
0
0
0
0
0
0
0
0
0
0
0
0
0
0
0
0
0
0
0
0
0
0
0
0
0
0
0
0
0
1
0
0
0
0
0
0
0
0
0
0
0
0
0
0
0
0
0
0
0
0
0
0
0
0
0
0
0
0
0
0
0
0
0
0
0
0
0
0
0
0
0
0
0
0
0
0
0
0
0
0
0
0
0
0
0
0
0
0
0
0
0
0
0
0
0
0
1
