
000000000000000000000
000000000000000000000
000000000000000000000
000000000000000000000
000000000000000000000
000000000000000000000
000000000000000000000
000000000000000000000
000000000000000000000
000000000000000000000
000000000000000000000
000000000000000000000
000000000000000000000
000000000000000000000
000000000000000000000
000000000000000000000
000000000000000000000
000000000000000000000
000000000000000000000
000000000000000000000
000000000000000000000

000000000000000000000
000000000000000000000
000000000000000000000
000000000000000000000
000000000000000000000
000000000000000000000
000000000000000000000
000000000000000000000
000000000000000000000
000000000000000000000
000000000000000000000
000000000000000000000
000000000000000000000
000000000000000000000
000000000000000000000
000000000000000000000
000000000000000000000
000000000000000000000
000000000000000000000
000000000000000000000
000000000000000000000

000000000000000000000
000000000000000000000
000000000000000000000
000000000000000000000
000000000000000000000
000000000000000000000
000000000000000000000
000000000000000000000
000000000000000000000
000000000000000000000
000000000000000000000
000000000000000000000
000000000000000000000
000000000000000000000
000000000000000000000
000000000000000000000
000000000000000000000
000000000000000000000
000000000000000000000
000000000000000000000
000000000000000000000

000000000000000000000
000000000000000000000
000000000000000000000
000000000000000000000
000000000000000000000
000000000000000000000
000000000000000000000
000000000000000000000
000000000000000000000
000000000000000000000
000000000000000000000
000000000000000000000
000000000000000000000
000000000000000000000
000000000000000000000
000000000000000000000
000000000000000000000
000000000000000000000
000000000000000000000
000000000000000000000
000000000000000000000

000000000000000000000
000000000000000000000
000000000000000000000
000000000000000000000
000000000000000000000
000000000000000000000
000000000000000000000
000000000000000000000
000000000000000000000
000000000000000000000
000000000000000000000
000000000000000000000
000000000000000000000
000000000000000000000
000000000000000000000
000000000000000000000
000000000000000000000
000000000000000000000
000000000000000000000
000000000000000000000
000000000000000000000

000000000000000000000
000000000000000000000
000000000000000000000
000000000000000000000
000000000000000000000
000000000000000000000
000000000000000000000
000000000000000000000
000000000000000000000
000000000000000000000
000000000040000000000
000000000000000000000
000000000000000000000
000000000000000000000
000000000000000000000
000000000000000000000
000000000000000000000
000000000000000000000
000000000000000000000
000000000000000000000
000000000000000000000

000000000000000000000
000000000000000000000
000000000000000000000
000000000000000000000
000000000000000000000
000000000000000000000
000000000000000000000
000000000000000000000
000000000000000000000
000000000444000000000
000000000444000000000
000000000444000000000
000000000000000000000
000000000000000000000
000000000000000000000
000000000000000000000
000000000000000000000
000000000000000000000
000000000000000000000
000000000000000000000
000000000000000000000

000000000000000000000
000000000000000000000
000000000000000000000
000000000000000000000
000000000000000000000
000000000000000000000
000000000000000000000
000000000000000000000
000000004444400000000
000000004444400000000
000000004444400000000
000000004444400000000
000000004444400000000
000000000000000000000
000000000000000000000
000000000000000000000
000000000000000000000
000000000000000000000
000000000000000000000
000000000000000000000
000000000000000000000

000000000000000000000
000000000000000000000
000000000000000000000
000000000000000000000
000000000000000000000
000000000000000000000
000000000000000000000
000000044444440000000
000000044445450000000
000000044444440000000
000000044444440000000
000000044444440000000
000000044544440000000
000000044444440000000
000000000000000000000
000000000000000000000
000000000000000000000
000000000000000000000
000000000000000000000
000000000000000000000
000000000000000000000

000000000000000000000
000000000000000000000
000000000000000000000
000000000000000000000
000000000000000000000
000000000000000000000
000000444444444000000
000000444454444000000
000000444445444000000
000000444444444000000
000000444444544000000
000000445464444000000
000000444444444000000
000000444444444000000
000000444444444000000
000000000000000000000
000000000000000000000
000000000000000000000
000000000000000000000
000000000000000000000
000000000000000000000

000000000000000000000
000000000000000000000
000000000000000000000
000000000000000000000
000000000000000000000
000002445444444300000
000004444444444400000
000004444445444400000
000004444444444400000
000004444444444400000
000004444444444400000
000004444444444400000
000004444444444400000
000004444544444400000
000004444644444400000
000001445444444200000
000000000000000000000
000000000000000000000
000000000000000000000
000000000000000000000
000000000000000000000

000000000000000000000
000000000000000000000
000000000000000000000
000000000000000000000
000000444445444000000
000014444444444410000
000044444444444440000
000044444444444440000
000045645444444440000
000044444444444440000
000044454444444440000
000044444444444440000
000044444444444440000
000044444444444440000
000034444444444410000
000013444454544400000
000000444444444100000
000000000000000000000
000000000000000000000
000000000000000000000
000000000000000000000

000000000000000000000
000000000000000000000
000000000000000000000
000000254444442000000
000024444445444310000
000044444444444441000
000444444445444442000
000444444544444444000
000444444444444444000
000444445444444444000
000545444445444444000
000444544444444444000
000444444444444454000
000444444444444454000
000244444444444443000
000034444446454410000
000002444444445410000
000000244444441000000
000000000000000000000
000000000000000000000
000000000000000000000

000000000000000000000
000000000000000000000
000000014454411000000
000000344444444100000
000014444444444400000
000144444444444440000
001444444444444444000
001444444444444444000
004454454444444444400
004444444444444444400
004444444444444444400
004544444544444444400
003544444444444444300
001444444444444444100
000444544444444442000
000044444544444430000
000014444444444410000
000001444444444200000
000000014444421000000
000000000000000000000
000000000000000000000

000000000000000000000
000000021344310000000
000000124444430000000
000020445444444100000
000044444444444430000
000244444444444444000
003544444444444444000
004544444444444444320
034444544445445444410
034444444445444444440
044444444454444444440
044444444444444444420
024444444444444445400
001444444544444444300
004445444444444444000
000044444444444441000
000034444454444410000
000010444444444400000
000000244445440000000
000000011342200000000
000000000000000000000

000000000031000000000
044444444444444444440
045444444444544445440
044444444444444444440
044444444444554444450
044444546444444444440
044444444444444444440
044444444444544444440
044444445444444444441
145444444444444444444
444444444444444444444
144444444444444444442
044444444444444444442
044444444444444444440
044444454446454444440
044444444444444454440
044444445444444454450
044444444444444444440
044444444444446544440
044444444444544444450
000000000321000000000
 
Total grains in the pile: 6009
