
                     
                     
                     
                     
                     
                     
                     
                     
                     
                     
                     
                     
                     
                     
                     
                     
                     
                     
                     
                     
                     

                     
                     
                     
                     
                     
                     
                     
                     
                     
                     
                     
                     
                     
                     
                     
                     
                     
                     
                     
                     
                     

                     
                     
                     
                     
                     
                     
                     
                     
                     
                     
                     
                     
                     
                     
                     
                     
                     
                     
                     
                     
                     

                     
                     
                     
                     
                     
                     
                     
                     
                     
                     
                     
                     
                     
                     
                     
                     
                     
                     
                     
                     
                     

                     
                     
                     
                     
                     
                     
                     
                     
                     
                     
                     
                     
                     
                     
                     
                     
                     
                     
                     
                     
                     

                     
                     
                     
                     
                     
                     
                     
                     
                     
                     
          4          
                     
                     
                     
                     
                     
                     
                     
                     
                     
                     

                     
                     
                     
                     
                     
                     
                     
                     
                     
         202         
         010         
         411         
                     
                     
                     
                     
                     
                     
                     
                     
                     

                     
                     
                     
                     
                     
                     
                     
                     
        24124        
        01350        
        02404        
        24442        
        14304        
                     
                     
                     
                     
                     
                     
                     
                     

                     
                     
                     
                     
                     
                     
                     
       2154320       
       0112404       
       1004421       
       1454014       
       4010004       
       0423044       
       3041101       
                     
                     
                     
                     
                     
                     
                     

                     
                     
                     
                     
                     
                     
      442011411      
      400603231      
      354040434      
      440301440      
      100400040      
      200211410      
      104401110      
      144420524      
      004231021      
                     
                     
                     
                     
                     
                     

                     
                     
                     
                     
                     
     13442444010     
     14401453101     
     00113444015     
     10020442004     
     23010000011     
     12405204404     
     02400020303     
     41440104404     
     34102151241     
     23332120144     
     10045031010     
                     
                     
                     
                     
                     

                     
                     
                     
                     
    1011242441100    
    0101401004230    
    2002121201101    
    3341131102101    
    1144141412021    
    4000412414302    
    4110434214101    
    2311101403010    
    0234041040440    
    1203004141440    
    1013441044240    
    1304641234100    
    0030140042000    
                     
                     
                     
                     

                     
                     
                     
   100040001410100   
   000143012101300   
   011031441332410   
   140002120023041   
   031214113120443   
   100004231241413   
   431014101410041   
   042324021444520   
   241230414011540   
   440313415101441   
   344112241341101   
   234120140310000   
   134111141231510   
   003110111204100   
   000234414010000   
                     
                     
                     

                     
                     
  00000011301111000  
  00003444033010000  
  01003244420322000  
  00130212441441000  
  00110441240440100  
  12243015432104440  
  00141412110400111  
  11142401134424341  
  42431000234244212  
  12314112432040114  
  00140414012144402  
  00012100521000240  
  01114444040244310  
  00442440001144400  
  00012034010010000  
  00000220344211000  
  00000012121200000  
                     
                     

                     
 0000110211100111000 
 0100041000343000000 
 0002140434043410000 
 0021023403204114000 
 0024001532114434000 
 0041121101512413100 
 2230110100252213430 
 0401010113400344300 
 1142021010101144002 
 1422424004450411010 
 0000122400002445242 
 0010102410442451040 
 0323210440240410420 
 0114200410444104440 
 0011411022214011100 
 0020104014314214000 
 0001214334411441000 
 0001001214031100000 
 0000000004110000000 
                     

000000000030000000000
045444444446444444440
044444444444444444440
044444544454444444440
044444444444444444450
044445444444444444440
044444444444444444440
044444444444444444440
244444444444444444440
444444444444444444441
444444444444554544443
044444444444444444540
044444444444444644440
044444544444444444540
044444444444554444440
045444444444444445440
044444444444444444440
044444544544444455440
044444444444444444440
044444444444444444440
000000001230000000000
 
Total grains in the pile: 3664
