0
0
0
0
207
16847
15145
12169
7715
5087
4379
3952
4037
4118
1835
1508
1349
1139
949
774
729
666
610
577
547
472
469
412
411
363
343
338
324
299
312
244
231
265
269
209
235
192
184
174
175
162
171
159
148
163
128
149
142
103
122
131
115
120
93
110
107
121
107
103
120
87
88
63
96
83
90
65
68
75
78
71
63
61
66
60
71
66
60
67
59
47
55
54
39
48
52
56
45
44
61
49
49
34
41
42
38
47
59
43
34
33
43
26
41
20
43
38
38
28
31
23
26
28
31
37
21
29
34
19
27
35
21
26
28
20
30
24
20
23
25
28
16
22
19
26
18
28
23
16
23
17
22
16
28
23
23
21
25
12
22
22
20
19
22
8
14
24
15
18
17
21
17
14
19
9
21
14
21
16
11
13
12
10
14
13
18
10
14
17
9
15
16
9
16
7
18
18
12
10
19
8
12
12
9
9
12
8
12
12
13
10
10
10
7
9
17
17
6
8
5
12
6
7
12
8
8
9
4
11
9
9
7
4
8
7
10
10
10
7
7
10
9
3
10
8
9
8
16
13
6
7
3
12
11
5
12
6
4
2
10
5
6
8
6
13
7
7
4
4
3
9
2
10
8
9
9
9
12
10
7
1
6
8
8
8
4
4
8
3
6
4
7
5
4
3
3
9
4
6
14
4
5
9
8
3
9
5
5
3
5
5
1
6
8
8
7
5
4
7
12
8
6
7
5
2
1
9
4
2
7
6
3
7
2
5
5
2
3
3
4
5
3
4
4
5
2
10
2
1
7
5
6
2
9
6
6
8
1
2
6
4
2
4
2
7
1
3
1
5
6
3
4
4
7
2
6
4
6
5
4
2
7
3
4
7
8
3
5
3
2
7
5
4
4
5
2
5
3
3
2
1
2
4
3
2
3
5
5
4
1
2
2
3
3
2
2
1
2
2
6
2
2
4
6
5
1
4
6
4
3
1
3
0
0
4
5
4
2
3
3
2
4
2
4
0
1
4
5
5
1
2
1
1
1
6
1
3
6
1
2
1
5
4
0
5
4
5
4
4
2
2
3
4
1
1
2
1
0
2
2
5
2
1
2
1
4
0
2
0
4
2
5
2
1
2
5
0
2
0
0
4
2
4
4
4
4
4
2
0
5
2
5
5
1
6
3
8
4
3
3
2
2
1
3
1
2
2
2
5
1
2
1
2
1
1
1
3
2
1
3
0
2
1
4
2
2
1
1
3
1
0
3
4
3
2
2
4
1
0
2
4
2
2
2
3
4
4
2
3
3
1
3
2
0
0
0
4
4
3
4
3
2
0
1
3
0
2
2
2
0
4
2
2
5
1
4
3
2
1
1
5
1
1
0
1
3
0
1
2
3
4
0
2
1
1
6
1
3
1
1
3
3
1
2
1
1
1
4
0
1
1
0
1
0
4
1
2
0
4
0
0
1
1
4
0
1
1
1
1
1
2
1
1
4
2
3
1
4
1
1
0
3
3
1
1
0
2
1
2
1
0
0
3
0
2
0
0
2
1
0
2
2
1
0
2
2
2
2
4
0
3
3
1
1
1
0
0
4
3
2
2
0
2
1
2
1
1
1
1
2
0
2
2
1
2
2
2
1
5
2
2
4
2
4
2
2
3
3
2
2
1
1
3
2
2
0
2
1
0
1
0
0
2
3
0
0
1
1
1
2
2
4
0
3
1
0
2
1
1
3
1
0
1
2
1
2
0
3
2
0
2
4
2
1
1
0
0
0
2
0
0
0
3
0
0
3
1
1
1
1
2
2
4
1
0
3
1
3
2
1
4
1
1
0
0
0
1
1
2
1
1
0
2
1
1
1
2
1
1
0
0
4
4
3
1
2
0
0
2
2
1
0
2
0
0
2
2
0
0
2
0
2
0
2
4
1
3
1
1
0
1
0
0
1
2
0
4
3
1
0
2
1
3
3
2
1
1
0
1
1
2
1
0
0
2
1
0
2
1
2
1
1
4
0
0
2
0
2
0
0
0
2
1
1
0
2
1
1
0
2
0
1
1
1
0
1
0
0
1
2
1
2
2
0
0
1
0
1
2
0
0
2
0
0
2
0
0
0
1
1
2
0
2
1
0
1
4
0
0
1
0
2
1
1
0
0
1
1
0
2
1
3
0
0
0
0
1
0
2
0
2
1
2
1
1
0
2
1
0
1
4
0
3
1
1
1
0
0
0
0
1
0
0
2
1
1
0
0
2
1
1
2
1
0
2
0
1
1
2
3
2
3
0
2
4
1
1
1
1
2
1
2
0
1
4
2
1
1
0
1
2
0
1
0
0
0
0
1
0
0
3
0
2
3
0
0
0
1
1
1
3
0
0
1
0
0
1
1
0
0
1
0
1
0
1
2
1
1
1
0
2
0
1
1
0
1
0
1
0
1
2
0
0
1
1
1
0
1
1
3
1
0
2
0
0
1
0
1
1
2
0
0
0
1
1
0
0
2
0
0
1
1
0
1
2
0
0
1
0
0
0
0
0
4
0
1
1
1
2
1
1
4
0
0
1
0
0
0
2
0
4
0
0
2
0
2
0
1
0
1
0
0
0
0
0
0
1
1
0
1
1
1
0
3
0
3
1
0
0
1
1
1
1
0
2
1
4
1
1
0
0
0
2
1
0
0
0
0
2
2
2
0
1
0
0
0
0
0
0
1
0
0
1
1
1
1
2
1
1
0
2
0
1
2
0
0
1
0
1
0
0
1
0
3
0
2
1
0
1
0
1
0
0
0
0
1
0
0
0
0
0
1
0
0
0
0
3
3
1
1
0
0
2
0
0
0
2
3
0
0
0
0
1
1
2
1
1
0
1
1
0
0
1
0
3
2
0
2
0
1
0
0
3
1
0
0
1
0
0
0
1
0
0
0
2
1
1
0
0
1
3
1
0
2
0
1
2
3
0
1
0
0
1
0
1
0
1
1
4
1
2
0
1
0
0
0
3
1
1
1
2
0
0
0
0
0
0
2
0
0
1
0
0
2
1
0
0
2
0
0
2
1
1
2
0
1
3
0
0
2
0
1
0
2
0
1
0
0
1
1
0
0
0
0
0
0
0
1
0
1
1
1
0
2
1
2
0
0
2
0
2
1
0
2
1
0
0
0
1
0
2
0
0
0
0
1
0
0
2
1
1
0
0
0
1
0
1
0
1
0
0
1
1
0
1
1
0
0
1
1
1
1
0
0
0
1
1
1
1
0
0
0
2
0
0
2
2
0
0
0
0
0
0
2
0
1
1
0
1
0
0
0
0
0
0
1
1
1
0
0
3
0
1
0
0
1
0
1
2
1
3
2
1
0
1
1
0
1
1
0
0
0
0
2
1
1
0
2
0
0
0
0
1
1
0
1
0
2
1
0
0
0
0
1
2
1
0
0
1
0
0
0
1
2
0
0
0
0
0
0
0
1
0
0
0
1
1
0
1
1
1
0
0
0
1
0
1
0
0
0
2
0
0
0
0
1
1
1
0
1
2
0
0
1
0
1
0
0
0
1
1
0
0
0
0
0
0
1
0
0
0
0
1
0
0
1
1
0
0
1
1
0
1
0
0
1
1
0
2
1
0
0
0
2
0
1
0
1
0
0
0
0
1
1
1
0
1
0
1
0
0
0
0
0
2
0
0
1
0
0
0
1
0
0
0
1
0
0
0
0
0
0
0
2
1
1
0
0
0
0
0
1
1
0
0
0
0
0
0
0
1
0
0
0
1
1
0
0
0
1
3
0
2
0
0
0
0
1
1
0
0
1
1
0
0
1
0
1
1
1
0
0
1
0
1
0
0
3
1
0
0
0
1
0
1
0
0
0
0
0
1
0
0
0
0
1
1
0
1
0
0
1
0
1
0
1
0
0
1
2
0
2
0
0
1
0
0
1
0
0
0
0
0
1
0
0
0
1
0
1
0
0
0
0
0
0
1
1
1
0
0
0
0
1
0
1
0
3
1
1
0
0
0
0
0
0
0
1
1
0
0
0
0
1
1
1
0
0
0
0
1
0
1
1
0
1
1
0
0
0
0
0
2
0
0
1
1
0
1
0
0
2
0
0
0
0
0
1
0
0
0
1
0
0
0
0
0
0
0
1
0
0
1
0
0
0
1
1
0
1
1
0
0
1
0
0
0
1
0
0
1
0
0
0
0
0
0
0
0
0
0
0
1
0
0
0
0
0
0
1
0
0
0
1
0
0
0
0
1
0
0
0
1
1
1
0
1
1
1
0
0
0
0
1
0
0
0
1
0
0
1
0
0
1
1
0
0
0
0
0
1
0
0
0
0
0
1
0
0
0
0
0
0
0
0
0
0
0
0
0
0
1
0
0
0
0
0
0
0
1
0
0
0
0
0
0
0
0
0
0
0
0
1
1
0
0
1
0
0
0
1
0
0
0
0
1
0
0
1
1
0
1
0
0
0
0
0
0
0
0
0
0
0
1
0
0
0
0
0
0
0
0
0
0
0
0
0
0
0
0
0
1
0
1
1
1
0
0
0
0
0
0
0
0
0
1
0
0
1
0
1
0
0
0
0
0
0
0
0
0
0
0
0
0
0
0
0
0
0
0
0
0
1
0
1
0
1
0
0
0
0
0
0
1
0
0
0
0
0
0
1
0
0
0
0
0
0
0
1
1
0
1
1
0
0
0
0
0
0
0
0
0
0
0
0
0
1
1
0
0
1
0
0
0
0
2
1
0
0
0
1
0
0
1
0
1
0
0
1
0
0
0
0
0
0
0
0
0
0
0
0
0
0
0
0
1
0
0
1
0
0
0
0
0
0
0
0
0
0
0
0
0
0
1
1
0
0
0
0
0
0
0
0
0
0
0
0
0
0
0
0
0
0
0
1
0
0
0
0
0
0
1
0
0
0
0
0
0
1
0
0
0
0
0
0
0
0
0
0
0
0
0
0
0
0
0
0
0
0
0
0
2
1
0
0
0
1
0
1
1
0
1
0
0
0
0
0
0
0
1
0
1
0
0
0
0
0
0
0
0
0
0
0
0
0
0
0
0
0
0
0
1
0
0
0
0
1
1
1
0
0
0
0
0
0
1
0
0
1
0
0
0
0
0
0
0
0
0
0
0
0
0
0
0
0
0
0
0
0
0
0
0
0
0
0
0
0
0
0
0
0
0
0
0
0
0
0
0
0
0
0
0
0
0
0
0
1
0
1
0
0
0
0
0
0
0
0
0
0
0
0
0
0
0
0
0
0
0
0
0
0
0
0
0
0
0
0
0
0
0
0
1
0
0
0
0
0
0
0
0
0
0
0
0
0
0
0
0
0
0
0
0
0
0
0
0
0
0
1
0
0
0
0
1
0
0
0
0
0
0
0
0
0
0
0
0
0
0
0
0
0
0
0
0
0
0
0
0
0
0
0
0
0
0
0
0
0
0
0
0
0
0
0
0
0
0
0
0
0
0
0
0
0
1
0
0
0
0
0
0
0
1
0
0
0
0
0
1
0
0
0
0
0
0
0
0
0
0
0
0
1
0
0
0
0
0
0
0
0
0
0
0
0
0
0
0
0
0
0
0
0
0
0
0
0
0
0
0
0
0
0
0
0
0
0
0
0
0
0
0
0
0
0
0
0
0
0
0
0
0
0
1
0
0
0
0
0
0
0
0
0
0
0
0
0
0
0
0
0
0
0
0
0
0
0
0
0
0
0
0
0
0
0
0
0
0
0
0
0
0
0
0
0
0
0
0
0
0
0
0
0
0
0
0
0
0
0
0
0
0
0
0
1
0
0
0
0
0
0
0
0
0
0
0
0
0
0
0
0
0
0
0
0
0
0
0
0
0
0
0
0
1
0
0
0
0
0
0
0
0
0
0
0
0
0
0
0
0
0
0
0
0
0
0
0
0
0
0
0
0
0
1
0
0
0
0
0
0
0
0
0
0
0
0
0
0
0
0
0
0
0
0
0
0
0
0
0
0
0
0
0
0
0
0
0
0
0
0
0
0
0
0
0
0
0
0
0
0
0
0
0
0
0
0
0
0
0
0
0
0
0
0
0
0
0
0
0
0
0
0
0
0
0
0
0
0
0
0
0
0
0
0
0
0
0
0
0
0
0
0
0
0
0
0
0
0
0
0
0
0
0
0
0
0
0
0
0
0
0
0
0
0
0
0
0
0
0
0
0
0
0
0
0
0
0
0
0
0
0
0
0
0
0
0
0
0
0
0
0
0
0
0
0
0
0
0
0
0
0
0
0
0
1
0
0
0
0
0
0
0
0
0
0
0
0
0
0
0
0
0
0
0
0
0
0
0
0
0
0
0
0
0
0
0
0
0
0
0
0
0
0
0
0
0
0
0
0
0
0
0
0
0
0
0
0
0
0
0
0
0
0
0
0
0
0
0
0
0
0
0
0
0
0
0
0
0
0
0
0
0
0
0
0
0
0
0
0
0
0
0
0
0
0
0
0
0
0
0
0
0
0
0
0
0
0
0
0
0
0
0
0
0
0
0
0
0
0
0
0
0
0
0
0
0
0
0
0
0
0
0
0
0
0
0
0
0
0
0
0
0
0
0
0
0
0
0
0
0
0
0
0
0
0
0
0
0
0
0
0
0
0
0
0
0
0
0
0
0
0
0
0
0
0
0
0
0
0
0
0
0
0
0
0
0
0
0
0
0
0
0
0
0
0
0
0
0
0
0
0
0
0
0
0
0
0
0
0
0
0
0
0
0
0
0
0
0
0
0
0
0
0
0
0
0
0
0
0
0
0
0
0
0
0
0
0
0
0
0
0
0
0
0
0
0
0
0
0
0
0
0
0
0
0
0
0
0
0
1
