0
0
0
0
0
117337
370004
508846
913401
464359
784360
497930
484398
440310
333636
267133
348328
296157
222588
202589
221148
215945
171011
146750
183238
228070
441215
360452
156659
121439
157148
106856
85658
69686
88693
31139
26983
23111
19982
18398
16731
15232
14293
13251
12623
11693
11023
10572
10063
9585
9251
8850
8333
8093
7767
7518
7354
7104
6913
6662
6223
6267
5822
5857
5609
5621
5461
5342
5022
4963
4682
4587
4676
4332
4257
4274
3972
4091
3988
3931
3824
3717
3640
3583
3470
3457
3382
3210
3292
3157
3186
3172
3054
2970
2968
3048
2929
2753
2798
2811
2718
2660
2631
2500
2550
2467
2457
2476
2469
2346
2444
2352
2293
2265
2190
2205
2230
2133
2205
2061
2079
2031
2096
2080
1992
2058
2005
1899
1881
1870
1887
1866
1855
1846
1765
1733
1809
1747
1776
1703
1741
1629
1649
1659
1662
1594
1624
1543
1630
1568
1555
1556
1530
1498
1527
1488
1411
1482
1416
1430
1459
1411
1470
1454
1403
1450
1502
1326
1360
1329
1254
1316
1302
1290
1352
1217
1322
1254
1311
1231
1266
1241
1266
1233
1301
1222
1152
1242
1162
1123
1246
1149
1178
1164
1130
1154
1138
1133
1074
1049
1110
1083
1080
1094
1021
1043
1006
1081
1011
1002
1044
1032
1066
1006
992
1000
944
1042
956
1009
952
1006
967
979
951
962
916
972
920
920
930
893
918
925
895
871
866
858
845
902
895
857
877
867
849
886
892
848
864
818
829
839
836
846
808
817
820
838
827
842
760
751
814
799
677
751
727
774
763
760
746
737
754
749
759
719
715
707
694
757
694
721
712
686
637
698
725
720
704
664
668
659
644
654
647
705
613
649
679
671
645
648
688
662
639
649
621
598
613
601
650
666
635
590
673
608
658
660
607
630
634
610
597
625
577
557
564
573
573
588
565
559
535
582
584
583
540
538
547
580
555
528
526
584
557
563
530
585
523
513
531
536
559
542
516
497
523
525
517
497
511
480
523
546
505
529
510
490
535
480
486
485
504
456
500
513
497
492
501
460
481
509
471
525
507
464
486
497
466
480
458
476
459
451
463
466
473
451
439
457
466
457
435
448
445
405
444
429
459
452
449
371
432
421
433
446
445
451
425
415
402
403
397
395
407
419
417
410
404
431
371
407
391
420
385
383
400
374
401
374
366
381
380
384
398
358
362
350
404
373
375
404
378
378
378
371
378
375
369
345
382
359
338
379
368
352
363
376
353
355
331
353
398
362
353
341
309
327
355
346
361
352
361
318
332
371
336
377
360
340
334
348
338
310
311
308
344
305
343
324
340
312
340
344
331
334
279
317
344
330
306
310
308
300
328
295
362
315
301
315
289
336
318
311
306
307
309
317
286
273
323
293
286
321
247
298
298
290
302
289
264
283
304
288
291
270
275
308
288
273
258
289
298
276
284
267
272
303
294
266
285
294
263
277
275
266
255
283
297
260
279
273
260
272
238
271
258
271
242
250
271
239
256
265
234
244
245
238
231
264
282
256
250
236
265
251
237
256
238
283
274
260
238
247
229
234
247
244
228
235
227
231
232
236
253
233
222
254
220
229
239
249
227
244
241
214
244
215
252
231
226
228
213
216
201
212
208
233
235
230
197
224
243
209
221
222
232
230
222
204
200
208
221
194
204
203
207
206
217
215
217
221
201
200
209
201
211
210
208
237
211
211
223
219
207
187
235
231
215
233
208
205
220
182
176
174
204
211
184
183
187
187
176
211
194
193
191
195
201
183
206
179
187
183
189
185
193
180
195
202
178
192
196
183
190
165
174
192
199
174
196
175
187
175
182
166
179
205
195
189
189
187
190
173
192
158
168
170
190
183
182
189
192
164
182
147
168
198
164
180
194
176
164
145
178
163
176
181
157
179
174
175
186
181
182
154
164
166
159
141
172
162
166
154
175
165
176
148
177
157
177
142
164
163
185
169
145
155
152
171
148
154
157
177
145
155
157
173
171
134
139
159
152
153
133
123
152
158
169
146
150
131
155
137
158
141
138
144
131
131
148
143
145
142
144
170
146
145
168
147
137
137
163
147
140
149
133
143
131
143
156
125
152
141
147
122
127
144
161
138
136
139
128
122
148
127
135
125
143
131
119
138
124
115
146
153
140
129
152
147
128
125
138
126
137
105
122
146
123
136
133
133
131
152
134
131
137
119
145
108
125
126
114
124
128
134
116
121
149
121
134
115
131
108
105
124
130
122
130
127
120
121
109
124
140
135
129
131
131
108
139
114
114
121
134
134
115
119
113
110
112
130
130
117
111
110
110
116
130
100
120
110
107
120
97
114
118
128
109
93
101
114
101
112
95
93
102
100
99
111
95
95
108
126
99
105
110
120
98
124
95
123
104
114
102
111
104
100
120
89
97
112
96
108
124
106
85
92
113
113
97
106
84
113
97
109
103
106
107
103
105
108
117
98
90
101
96
99
118
93
81
100
78
102
103
92
93
85
90
84
115
87
95
115
102
89
94
96
73
97
102
102
91
86
83
106
86
91
91
95
91
97
105
84
94
104
76
65
85
85
84
109
87
94
90
93
93
92
88
94
96
99
98
94
86
78
104
100
82
97
88
97
76
75
91
88
90
88
80
88
78
79
70
80
91
83
87
98
100
92
97
93
87
103
83
97
87
86
81
82
80
85
82
86
89
82
85
81
68
78
77
83
102
71
68
81
91
94
77
64
74
94
84
73
77
73
69
71
67
89
82
77
81
65
77
81
82
78
72
80
83
69
78
71
72
65
71
66
96
87
58
73
89
85
86
84
82
74
72
71
62
64
80
63
76
78
74
64
62
64
54
64
70
84
70
76
85
81
62
86
82
76
69
69
73
58
91
64
71
73
57
63
77
59
65
69
78
81
67
76
73
73
70
90
78
70
70
76
67
70
69
80
86
68
56
75
57
71
51
79
70
66
73
56
69
67
60
59
68
77
65
61
51
77
73
65
74
70
70
61
67
71
72
80
48
75
58
70
64
78
61
58
84
61
67
62
64
73
75
61
63
60
80
65
51
70
57
76
66
51
67
72
63
53
71
66
70
55
53
61
77
57
59
53
68
64
59
47
57
61
61
62
53
45
55
66
60
59
55
61
60
57
62
55
62
65
56
64
53
58
52
57
56
58
59
52
42
55
42
62
68
48
57
63
57
51
70
51
63
55
45
60
58
47
64
52
49
59
60
50
50
59
54
58
54
52
63
67
57
53
67
50
56
63
66
63
65
55
61
68
50
48
57
60
53
58
53
48
49
42
49
55
49
54
56
40
49
52
61
65
34
43
43
53
49
44
47
59
43
42
43
51
52
50
58
48
46
45
71
50
35
62
56
46
55
49
49
53
46
53
36
47
57
52
51
52
50
49
64
45
51
50
41
50
46
50
38
53
51
39
45
57
57
55
47
50
46
51
50
56
44
51
55
43
49
52
40
49
43
53
52
55
57
52
38
45
52
43
42
46
44
47
46
46
42
45
37
46
46
57
55
44
46
45
48
52
39
39
50
43
45
45
39
36
37
38
45
45
46
45
47
47
56
52
46
41
45
44
37
38
32
37
41
42
42
50
39
45
33
40
38
41
33
33
40
45
47
34
47
51
35
42
46
50
46
41
52
48
42
32
47
47
37
45
44
44
51
31
35
37
39
39
39
35
43
42
42
51
33
41
37
45
39
52
51
35
42
42
35
41
40
43
44
40
36
46
41
42
30
43
48
31
42
39
39
43
48
46
32
29
36
37
46
40
41
35
41
41
41
37
35
46
47
34
37
42
35
48
44
39
32
45
35
40
47
37
47
32
37
40
43
41
32
38
40
34
33
39
38
42
36
41
38
48
32
45
36
30
36
35
31
41
29
33
45
33
30
32
26
24
32
43
35
36
30
36
39
35
29
25
31
35
42
32
35
31
36
36
35
41
41
33
41
38
42
29
35
35
31
29
39
35
40
34
34
40
46
27
35
36
30
38
36
40
29
29
28
31
36
50
31
27
41
23
34
43
36
36
39
35
36
39
22
33
25
30
27
23
41
35
42
33
25
31
32
36
27
42
27
24
34
35
24
22
24
50
28
35
34
37
29
29
26
35
39
32
33
30
34
25
33
30
33
37
33
40
23
31
42
35
27
41
26
27
26
21
34
40
29
22
24
28
22
29
29
28
37
30
20
30
28
27
34
37
32
26
38
21
33
22
33
36
38
28
30
22
26
21
35
27
34
29
28
23
38
21
44
33
32
23
31
28
45
25
22
20
27
29
29
28
27
21
23
24
24
25
31
17
35
31
36
34
29
32
26
24
22
28
21
33
29
29
24
24
27
33
22
22
20
30
26
29
27
30
14
25
34
29
30
28
24
28
20
27
36
25
31
38
21
35
35
28
26
17
31
25
25
27
29
27
33
20
21
16
25
33
27
21
28
25
27
31
28
17
26
20
32
22
28
28
25
28
22
24
27
28
24
28
17
30
26
26
19
20
34
24
32
28
26
24
27
18
16
26
19
21
31
28
20
20
21
25
37
23
27
27
18
21
19
23
20
16
22
26
21
26
21
21
24
22
19
17
29
17
19
22
19
24
22
22
17
28
24
24
24
16
23
25
17
23
29
22
19
19
28
23
23
25
19
21
18
27
12
21
27
21
24
22
21
27
21
28
27
17
18
16
22
19
15
25
20
12
26
18
18
28
20
14
27
22
29
16
16
22
23
15
21
29
23
15
18
28
24
23
16
22
18
20
20
22
31
22
23
19
24
18
21
23
25
21
22
10
23
25
25
21
21
19
29
18
22
20
17
20
18
32
20
13
19
20
20
27
15
15
28
16
22
19
16
16
22
19
20
23
22
25
19
25
13
25
20
24
20
28
22
23
17
24
13
22
18
24
25
20
17
15
14
16
20
23
8
12
22
18
14
21
19
17
21
14
19
16
13
19
15
14
28
16
13
11
24
20
20
19
18
13
34
16
12
23
17
19
19
10
20
14
25
19
13
11
21
12
20
15
21
20
26
29
16
20
27
16
23
21
17
24
16
13
28
13
22
20
17
17
16
21
22
18
13
26
15
23
23
15
19
21
22
20
23
25
14
12
13
17
17
14
21
18
19
16
17
24
22
22
15
17
20
17
16
20
17
14
16
17
17
13
19
17
11
15
20
23
12
10
17
17
16
16
16
15
16
22
23
21
12
19
20
13
19
20
14
16
17
17
19
18
11
21
16
15
12
12
23
19
20
11
17
17
19
26
20
15
16
11
23
13
17
17
12
18
18
20
12
11
18
19
20
22
20
18
17
18
12
15
14
12
13
15
19
15
15
20
16
17
20
30
13
18
11
20
16
11
11
13
24
13
10
15
16
13
13
20
27
19
17
20
16
14
9
20
23
14
16
18
13
18
10
15
25
14
11
15
11
17
18
17
10
18
13
14
15
19
12
15
18
16
15
13
14
24
14
10
11
14
19
22
10
12
10
19
14
10
15
10
19
19
14
16
6
9
16
19
12
14
9
8
7
9
18
12
19
11
21
17
16
14
13
18
17
14
19
19
10
13
11
17
17
8
9
11
8
7
22
12
16
15
17
5
17
12
17
23
13
14
9
9
16
18
12
7
13
12
19
15
10
10
4
17
8
14
14
12
18
12
11
12
10
16
10
13
8
10
10
23
11
10
12
10
17
12
12
11
2
8
13
14
10
12
12
16
17
16
13
16
11
10
12
18
13
17
11
12
14
20
15
8
8
17
11
10
10
14
12
10
8
10
24
17
10
15
16
10
12
14
10
22
14
18
9
11
15
17
13
10
13
12
11
11
11
8
6
10
6
13
13
13
9
14
8
12
12
11
11
17
10
13
12
8
15
14
13
17
13
8
8
12
15
7
16
7
13
11
8
8
15
21
17
10
7
15
14
16
10
14
14
15
12
12
9
13
7
10
10
10
8
11
14
10
15
8
15
9
12
12
10
15
10
6
10
7
8
10
12
17
7
12
12
11
7
18
9
10
8
15
15
10
13
12
13
15
14
12
10
8
12
8
14
16
15
11
18
14
8
3
8
11
21
10
6
9
11
10
13
15
10
15
8
11
13
11
9
7
15
10
6
6
10
14
6
9
13
11
9
13
6
9
10
12
7
8
12
9
12
6
12
12
5
15
6
15
12
15
11
15
16
8
6
10
7
14
12
13
10
11
11
7
12
10
9
11
16
10
9
8
9
9
14
18
14
15
13
15
12
10
9
7
6
13
10
14
9
8
12
13
8
17
10
9
8
8
13
6
10
10
8
6
14
14
7
10
8
10
9
11
12
10
3
11
10
16
17
8
7
11
3
4
12
6
9
10
7
10
10
9
14
8
10
10
14
11
10
10
10
9
13
5
8
7
13
8
10
6
8
7
12
9
9
12
5
10
11
12
11
11
7
8
8
12
8
11
9
7
7
9
4
5
11
8
9
13
11
13
16
11
10
9
6
6
12
9
12
7
11
9
8
7
5
7
11
5
6
4
10
7
4
12
9
9
18
6
6
13
5
11
12
10
8
15
10
9
9
10
12
10
9
12
10
8
12
9
9
5
7
6
7
9
6
8
11
5
7
5
11
11
4
11
10
7
3
10
11
5
7
6
11
10
10
6
7
11
7
4
9
8
7
8
8
8
2
11
5
11
6
10
8
8
11
15
6
10
11
10
6
6
8
12
6
10
4
7
9
9
12
7
11
6
5
7
7
9
6
9
10
9
10
4
5
10
12
3
10
8
4
8
4
5
9
5
5
6
1
6
6
10
7
10
9
9
5
8
8
4
9
14
11
5
8
6
5
7
8
11
5
17
5
8
8
3
11
9
11
11
9
8
7
9
12
5
10
9
2
7
14
11
9
12
8
10
5
2
3
6
2
9
9
9
12
8
10
8
3
9
8
7
7
6
6
8
8
14
3
5
4
7
12
6
8
4
6
7
7
9
6
6
8
10
2
10
7
2
4
8
9
4
4
15
10
5
8
11
5
12
6
4
6
5
7
9
4
6
6
7
7
10
6
8
7
13
15
10
2
5
7
8
8
6
3
9
2
11
4
7
10
6
7
11
6
1
7
8
8
8
8
8
6
10
6
7
6
5
13
3
1
12
5
7
5
7
3
8
7
6
7
11
8
7
5
10
10
9
7
8
7
5
8
6
7
8
5
2
5
6
5
6
6
5
10
6
8
8
8
13
2
10
3
6
5
4
7
7
7
11
10
9
8
8
2
4
3
8
6
7
8
4
8
6
9
5
8
7
6
8
9
7
8
5
5
5
5
9
7
11
4
4
5
4
6
3
7
3
7
8
8
6
3
8
3
5
7
5
6
10
7
8
4
5
6
8
7
10
3
8
9
6
6
7
9
6
5
4
6
1
9
7
6
3
4
7
5
4
3
7
6
5
8
7
9
6
3
4
5
7
3
8
7
6
6
3
7
7
6
4
4
2
9
3
2
3
6
6
4
8
3
5
7
5
7
11
3
6
6
3
6
2
5
6
4
5
11
4
4
3
3
4
5
7
5
5
3
4
3
6
6
7
0
6
9
7
5
3
5
5
7
10
9
2
3
6
9
5
7
9
3
3
5
7
2
6
6
6
6
3
9
4
8
3
7
9
10
6
5
5
5
2
3
4
3
5
6
4
5
6
4
7
11
8
5
4
3
5
5
6
6
5
4
9
10
10
5
4
5
6
3
5
6
3
5
8
1
5
4
6
8
5
5
2
4
6
7
7
14
3
5
6
8
8
8
7
6
6
4
10
4
9
9
6
3
5
4
4
7
11
8
5
5
6
7
4
4
2
5
8
7
4
2
7
6
5
3
5
3
5
5
4
12
5
6
5
6
3
6
2
0
4
2
5
4
4
5
3
5
4
1
3
5
1
4
6
2
4
4
2
7
6
1
6
5
2
1
2
5
1
3
4
5
3
6
3
5
6
3
4
6
5
4
5
4
3
11
4
4
6
3
4
8
3
3
6
7
3
1
2
5
3
11
7
5
6
2
6
0
4
7
8
3
3
4
1
5
3
2
3
5
6
7
5
2
8
7
6
5
6
3
5
4
4
4
2
3
3
5
4
4
6
3
3
4
3
3
3
7
5
4
7
7
5
4
2
9
3
1
2
2
5
4
5
4
4
2
5
4
3
4
3
0
6
5
3
1
5
5
2
7
7
3
2
3
0
2
5
4
6
6
6
3
1
4
2
4
1
8
3
4
3
6
6
3
7
6
8
4
7
4
5
3
4
4
6
4
4
6
1
5
5
5
7
6
5
8
3
4
8
5
3
3
0
1
2
2
2
1
5
7
4
5
2
4
4
7
4
7
3
4
7
1
7
8
5
3
6
6
4
6
3
2
8
0
3
0
3
5
6
7
6
6
6
7
2
4
5
5
8
4
3
3
3
6
3
5
8
4
6
3
2
7
2
5
8
5
1
7
6
6
1
5
6
6
4
6
4
5
8
5
2
2
4
1
6
3
8
2
4
4
6
6
8
6
4
5
4
7
3
5
9
2
4
4
3
2
3
3
1
1
6
5
4
3
3
3
1
5
4
6
3
1
2
6
2
4
2
3
3
6
3
5
6
3
5
5
8
3
5
3
4
3
4
2
8
5
7
6
2
3
5
2
2
4
7
3
6
5
6
7
2
2
7
7
7
4
4
3
4
4
1
1
2
3
3
5
3
1
3
3
4
4
1
6
4
4
3
4
8
3
3
7
8
3
8
3
6
2
4
6
4
3
6
2
1
6
2
2
3
5
5
4
7
5
4
5
1
0
4
4
1
5
3
1
4
3
8
3
1
3
4
4
3
7
1
6
6
4
2
3
5
3
3
3
4
4
3
4
1
4
8
6
3
3
0
3
0
1
4
2
4
5
2
1
4
5
6
4
3
5
1
2
3
1
4
3
4
3
5
6
4
2
5
3
5
2
2
5
5
5
3
2
4
2
1
3
2
4
4
1
1
4
4
6
2
1
5
3
4
3
3
2
4
1
3
2
5
3
4
3
4
1
5
5
1
2
3
0
2
4
7
1
1
4
2
3
4
2
5
3
5
3
6
7
1
3
4
3
1
1
4
6
2
9
3
0
1
2
3
4
4
1
1
4
0
2
2
2
3
11
1
1
3
6
1
4
2
2
3
1
3
2
5
4
2
4
6
5
3
0
6
6
6
2
3
5
2
5
1
3
2
4
5
3
2
4
4
6
2
3
3
3
3
4
3
2
3
1
2
2
2
2
4
2
4
6
2
3
4
7
1
6
4
6
1
4
6
4
1
3
6
3
4
5
3
4
4
2
2
3
1
2
2
2
2
2
3
4
2
2
2
5
2
1
5
1
1
2
5
7
0
2
2
1
4
7
5
1
2
2
3
3
2
3
2
3
2
3
4
4
4
5
3
1
2
1
1
3
2
5
1
2
1
4
6
2
3
1
2
7
2
5
1
3
3
4
5
5
3
5
2
0
2
3
3
1
1
1
1
3
6
2
4
2
1
2
1
3
3
5
4
3
3
2
5
0
4
2
3
0
2
5
2
2
2
2
1
2
0
2
5
6
5
4
1
0
1
4
1
0
2
3
1
4
2
2
4
2
2
1
3
4
3
2
2
3
4
2
3
1
6
2
5
2
4
1
1
3
3
1
4
2
1
1
1
4
4
1
3
3
4
4
6
1
3
3
7
2
2
1
3
6
2
3
2
1
2
1
1
3
2
1
2
0
3
2
4
1
1
3
2
2
2
2
3
0
0
0
3
0
1
4
6
2
7
3
3
4
1
1
2
1
2
2
3
4
1
2
0
6
5
1
3
6
1
2
4
6
2
2
5
3
1
4
2
1
1
2
6
4
6
3
4
1
2
1
3
2
1
4
2
5
2
5
4
0
1
1
4
2
1
0
0
3
2
2
2
0
3
2
3
3
1
0
1
4
1
2
1
3
2
4
3
6
2
1
5
3
3
2
2
1
3
2
3
1
3
3
2
3
4
2
2
1
3
2
2
3
3
3
2
3
3
1
3
2
2
6
3
1
2
5
6
2
2
4
3
3
2
2
3
4
4
2
2
3
4
3
3
2
1
1
1
1
1
4
4
3
0
0
1
1
3
5
3
4
3
6
3
3
1
3
2
1
1
3
1
3
1
2
3
2
0
2
2
1
2
5
3
2
4
2
2
6
1
3
3
2
3
3
0
4
2
2
3
2
3
3
4
3
2
3
3
3
3
2
2
4
3
2
0
3
6
0
2
1
2
0
2
2
4
2
4
1
4
0
6
4
3
3
3
1
3
4
4
0
4
2
4
1
4
2
0
2
7
3
6
2
2
1
1
2
0
1
3
3
3
4
1
3
1
2
2
1
5
2
2
3
4
2
0
1
3
2
2
3
4
3
0
3
3
2
1
2
5
4
3
2
3
1
3
1
0
3
1
3
1
4
2
7
1
3
0
2
1
1
2
2
2
3
5
2
1
1
6
1
1
2
0
1
2
1
2
2
1
1
1
2
0
2
4
2
0
3
1
0
3
1
3
1
1
1
2
4
0
3
1
2
3
1
3
1
3
1
2
3
2
4
2
3
2
0
2
2
2
1
1
2
0
5
1
1
1
0
4
2
2
1
3
3
1
1
2
2
2
2
0
1
5
5
2
3
1
0
2
2
4
1
2
3
0
7
2
1
1
0
1
3
4
2
4
1
2
1
2
5
2
0
1
1
3
3
3
1
4
3
4
2
2
2
1
1
0
3
0
1
3
1
2
3
1
1
0
1
2
3
5
4
2
5
0
0
2
4
5
2
0
3
2
2
1
3
1
2
0
2
0
1
3
0
0
2
1
2
2
2
4
4
2
3
3
0
0
2
0
3
1
1
4
5
1
1
0
1
1
0
0
2
1
3
2
0
3
0
1
2
2
2
3
2
6
3
1
1
1
2
2
1
0
3
2
1
3
2
3
2
2
1
3
1
0
0
3
2
5
0
3
1
1
1
3
0
5
2
1
2
1
1
3
3
3
1
4
1
4
3
2
1
3
3
7
2
2
1
1
2
3
0
3
2
2
1
2
3
2
3
2
0
3
2
0
2
0
1
2
7
1
2
1
2
4
6
1
2
1
2
0
1
0
0
2
1
1
2
1
0
0
2
2
3
1
1
2
1
0
3
3
1
2
1
3
2
1
3
2
2
1
3
4
1
2
0
2
0
1
1
1
2
1
2
1
1
3
1
0
2
1
2
4
2
0
3
2
0
2
0
3
1
1
3
3
2
0
0
4
1
1
5
4
5
0
2
1
4
3
2
1
1
3
2
0
2
2
2
3
2
3
2
2
0
2
1
3
3
3
1
1
0
0
1
2
1
0
8
6
1
2
1
1
1
1
2
1
1
3
1
3
4
3
1
1
3
3
2
2
0
3
3
2
2
0
1
1
4
1
2
1
3
1
1
0
2
0
4
2
2
1
0
1
0
2
2
2
3
2
3
4
1
0
1
0
4
0
2
1
5
1
1
2
1
0
1
1
2
1
0
1
1
3
3
0
1
1
1
0
2
2
3
1
1
2
2
1
0
2
2
0
3
0
3
0
0
2
0
1
1
2
1
1
1
0
0
1
0
0
0
2
0
1
1
4
2
3
2
2
2
1
1
2
4
3
2
1
0
4
3
0
1
2
0
1
0
1
0
0
2
3
0
0
2
1
1
1
2
1
1
0
0
3
1
1
4
0
2
3
4
0
2
2
0
1
1
2
2
0
2
1
4
1
3
4
4
2
1
1
2
2
1
1
0
1
0
0
2
2
1
1
0
0
0
4
2
2
0
1
1
0
2
1
2
0
1
1
0
0
3
4
5
1
1
3
2
1
0
0
2
3
1
2
1
3
2
1
3
1
2
0
1
1
2
0
3
3
1
1
0
2
1
2
0
0
1
1
1
2
1
4
2
2
2
1
2
1
1
1
3
1
2
1
3
1
1
1
1
0
1
2
2
2
2
1
1
0
0
0
2
1
0
4
1
1
0
0
0
2
2
0
2
1
0
0
4
5
1
0
1
3
0
0
0
2
1
2
1
2
1
2
3
0
1
2
0
0
1
1
1
0
0
0
4
1
1
1
2
1
4
1
1
0
1
0
1
3
1
0
1
1
1
3
1
2
0
1
0
1
1
1
1
2
0
1
0
0
2
0
0
3
2
0
0
0
0
1
0
5
3
2
1
1
5
0
1
0
1
2
0
0
2
1
1
1
1
4
1
1
0
1
2
3
0
1
2
2
3
2
2
0
0
2
0
2
1
0
0
0
0
0
0
2
1
2
0
1
0
1
0
1
1
1
1
3
0
1
3
3
1
1
1
1
1
2
2
1
0
0
0
1
0
1
5
1
2
3
0
2
1
1
1
2
1
2
2
2
1
0
3
0
1
1
1
0
1
3
0
0
2
1
1
1
2
1
0
2
1
2
0
0
0
2
1
1
0
1
2
1
0
1
1
0
0
0
2
1
0
1
2
1
0
2
2
0
2
1
0
0
2
1
0
1
0
1
1
5
2
0
2
1
1
1
1
2
0
0
0
2
1
2
0
1
1
0
1
5
1
0
1
1
1
0
1
2
0
0
1
1
0
0
0
1
1
0
1
2
2
3
1
1
0
1
1
0
1
0
0
1
2
0
1
1
1
1
1
2
0
0
0
0
1
0
0
0
0
1
0
0
0
1
1
2
1
0
0
0
1
0
0
1
1
0
2
2
0
0
1
1
1
3
1
2
1
0
0
2
2
1
0
0
0
2
0
0
1
0
2
1
0
2
0
0
1
0
0
2
1
1
1
2
1
2
4
0
4
1
0
0
2
0
2
2
1
1
2
0
1
0
1
2
0
2
0
1
1
1
0
0
2
0
0
0
0
1
3
1
0
1
0
0
2
1
1
2
0
1
1
1
2
1
3
0
1
1
1
0
0
2
1
1
0
2
2
0
0
1
0
0
1
1
0
0
1
0
3
1
1
0
2
1
0
2
1
1
0
3
3
3
1
2
0
0
0
0
0
0
1
1
1
0
1
0
0
0
0
1
3
1
0
0
0
0
2
0
1
1
1
0
0
0
1
1
0
1
0
0
0
1
1
0
0
0
0
0
1
1
2
0
0
2
1
0
0
1
2
1
0
1
0
0
0
0
0
2
1
0
1
0
0
1
1
0
1
2
2
0
0
1
0
1
0
0
2
0
1
0
0
1
0
0
0
1
1
2
0
1
1
0
2
0
0
0
0
0
0
2
1
2
0
0
1
1
0
0
2
1
0
1
2
1
0
2
1
2
0
4
1
0
0
1
1
2
2
0
1
3
2
2
0
0
2
1
0
1
0
2
1
0
1
3
0
1
0
2
2
0
0
0
3
0
1
1
1
1
2
0
1
0
0
2
1
0
1
1
0
1
2
1
1
1
0
0
2
1
0
0
0
1
1
0
1
1
1
1
1
0
1
0
1
1
1
2
0
0
0
0
1
2
0
2
0
1
0
2
0
0
0
0
0
1
2
0
1
1
0
2
1
3
1
1
2
0
0
1
1
1
1
1
0
1
1
1
0
0
0
3
1
1
3
0
0
1
0
0
1
1
1
0
1
2
1
0
1
1
1
1
1
0
1
0
1
1
0
2
0
0
2
0
2
0
2
2
1
0
0
0
1
1
0
0
3
1
1
0
0
0
2
3
3
0
1
0
1
3
0
2
1
1
2
0
2
0
1
1
0
1
3
0
0
1
1
0
0
1
1
0
4
0
2
1
3
2
2
0
1
1
1
2
0
0
1
1
1
0
1
1
3
0
0
0
2
0
0
1
0
0
0
0
0
0
0
0
1
3
0
2
2
0
0
0
0
1
0
1
0
1
1
0
1
1
0
0
0
1
1
1
0
3
0
0
1
2
1
1
2
1
0
0
2
1
2
0
0
2
1
1
0
1
0
2
0
0
0
1
0
0
1
1
0
0
1
2
0
0
1
0
0
3
1
0
0
1
1
0
0
1
2
1
0
3
0
1
0
0
0
1
1
0
1
5
0
0
0
3
0
0
0
0
0
2
0
0
1
0
1
0
0
1
2
0
1
0
0
1
1
2
0
1
0
0
0
0
1
0
1
0
3
0
0
0
1
1
0
2
1
0
0
0
1
1
1
0
1
2
0
1
2
1
1
1
3
0
1
1
1
0
1
1
3
0
0
1
0
0
1
0
0
0
0
0
1
2
0
0
0
1
4
0
0
1
1
0
0
1
0
1
1
2
1
0
1
0
0
1
2
0
0
1
3
1
1
1
0
1
1
1
2
1
1
0
0
3
0
0
0
0
0
0
0
0
0
0
0
0
0
2
0
0
2
1
2
0
0
0
0
0
1
0
1
0
0
0
0
2
1
1
0
1
1
2
0
0
0
0
2
1
2
0
1
1
0
2
0
0
0
3
1
2
1
0
0
1
0
2
1
0
0
1
0
1
0
2
0
0
0
1
1
1
1
1
0
0
0
1
1
0
1
1
2
1
0
1
1
1
0
0
0
0
1
1
1
1
0
0
1
1
1
1
0
0
0
0
1
0
1
0
2
0
0
0
1
1
0
1
0
1
0
1
1
0
2
1
0
1
0
0
0
0
1
0
0
0
2
1
0
2
0
1
0
1
0
1
0
1
0
1
1
2
0
0
1
0
1
0
1
1
0
1
1
0
0
0
0
0
2
1
1
2
1
1
1
1
2
0
0
1
0
1
1
0
0
0
0
2
1
0
0
0
0
1
0
0
0
1
1
0
4
0
0
0
1
1
0
0
0
0
1
0
0
2
1
0
0
0
0
0
1
0
1
0
0
1
0
0
0
1
1
1
1
1
1
0
1
1
0
0
0
0
0
0
2
2
0
0
0
1
0
1
0
2
1
0
0
1
1
0
0
1
0
0
2
0
1
0
0
1
0
0
1
2
0
1
1
0
2
0
0
0
0
0
0
0
0
0
0
1
0
0
1
0
0
0
1
1
1
1
0
0
0
0
1
1
0
0
1
0
1
0
0
1
1
1
0
0
1
0
0
0
1
1
1
0
0
0
1
1
2
2
2
0
0
0
2
1
0
0
1
0
0
0
3
1
0
0
1
0
0
1
2
0
0
1
0
0
0
2
1
1
0
3
1
0
1
0
1
0
0
0
0
0
1
0
0
0
0
2
0
2
0
2
2
2
1
0
0
2
0
0
1
0
0
0
1
0
1
3
1
0
0
0
2
0
2
0
1
1
0
0
0
0
0
0
1
0
1
0
0
1
1
1
1
1
0
0
0
0
1
1
1
0
1
0
0
1
0
1
1
1
1
0
1
5
0
1
0
0
1
0
0
1
1
2
2
0
1
0
1
1
2
0
1
1
0
0
0
0
0
1
3
0
1
0
1
1
1
0
1
0
0
2
2
1
2
0
0
1
0
0
0
0
0
0
0
0
1
1
0
1
0
0
0
0
0
1
1
1
0
0
1
0
0
1
1
0
0
0
0
1
2
0
0
0
0
1
1
2
0
1
0
0
1
2
2
1
0
0
0
0
1
1
0
0
0
0
4
0
1
2
1
0
2
0
1
1
1
0
2
0
2
0
0
0
0
0
0
0
1
1
1
1
0
0
1
1
0
1
1
1
0
0
0
2
0
0
1
0
1
2
0
0
0
0
0
0
0
0
1
0
0
0
1
0
1
1
2
1
1
1
1
2
0
0
0
0
1
1
1
0
1
0
0
0
0
1
0
2
0
0
0
1
1
1
0
2
1
0
0
1
0
1
1
0
0
0
1
3
0
0
0
1
0
1
0
0
0
0
0
0
0
0
0
0
1
0
0
0
0
0
1
0
0
1
0
0
0
0
1
0
0
0
0
0
2
1
0
0
0
1
0
0
0
0
1
0
0
1
1
0
0
0
0
3
0
0
1
0
1
0
1
1
2
0
1
0
1
1
0
0
0
2
1
0
0
2
0
1
1
0
0
1
1
0
0
1
1
0
0
0
1
0
1
1
0
0
2
0
0
0
1
0
1
0
0
0
2
1
1
0
0
0
1
1
1
1
2
1
0
0
0
0
0
0
0
0
0
0
0
2
0
1
1
1
0
0
0
0
0
0
1
0
0
0
0
0
1
0
0
0
1
1
1
0
1
0
0
0
0
0
0
0
0
0
0
0
0
1
0
0
1
0
0
0
0
0
1
1
1
2
0
1
0
1
0
1
0
0
0
1
2
0
1
0
0
1
0
0
0
0
0
1
0
1
0
2
2
0
0
0
0
0
1
0
0
2
0
0
0
1
1
1
1
0
0
1
0
0
1
0
1
0
0
0
0
1
0
2
0
0
1
0
1
0
1
0
1
0
1
1
2
0
1
2
0
1
0
0
1
1
1
0
0
1
1
1
0
0
0
0
0
0
0
0
0
1
0
2
0
1
0
1
0
0
0
0
2
1
1
0
0
0
0
0
2
1
0
0
0
2
0
2
0
0
1
2
0
1
0
1
0
2
0
0
1
2
1
1
0
0
2
1
0
0
1
2
1
0
0
1
0
0
1
1
1
1
0
0
1
1
1
0
2
0
1
0
0
0
2
0
1
0
0
0
0
0
1
0
0
0
1
1
0
0
0
0
0
0
0
1
1
1
2
1
1
1
0
0
0
0
0
0
0
0
0
0
1
1
0
1
0
0
0
0
0
0
1
1
0
0
1
0
1
1
0
1
1
0
0
0
0
0
0
0
0
0
0
0
0
0
1
0
0
0
0
0
0
2
1
1
1
1
0
0
0
0
1
0
0
0
1
0
1
0
0
1
0
0
1
0
1
1
0
0
1
0
0
1
0
0
0
0
0
0
0
1
0
1
1
0
0
1
0
1
0
0
0
0
0
0
0
0
0
1
1
1
0
1
1
0
1
0
0
0
2
0
0
0
0
0
1
0
2
0
0
0
0
0
0
0
0
1
0
0
1
0
0
1
0
0
0
0
0
0
0
0
0
0
0
0
0
1
0
1
0
1
0
0
0
0
1
0
0
0
0
1
0
0
0
0
0
1
1
0
1
1
0
0
1
0
0
0
1
0
0
0
0
0
1
1
1
0
1
0
1
0
0
1
0
0
0
1
0
0
0
0
1
0
0
0
0
1
1
0
1
1
0
0
1
0
0
0
0
0
2
2
0
1
0
1
1
0
0
0
0
1
1
0
0
2
0
0
0
0
1
0
1
0
0
0
0
0
0
1
0
2
0
1
0
0
0
0
0
1
0
1
1
0
1
0
0
2
1
0
0
0
0
0
0
2
0
0
0
2
1
2
0
0
0
0
0
1
0
0
1
0
0
0
1
0
1
0
1
0
0
0
1
0
1
0
0
0
0
0
0
1
0
1
0
1
0
0
0
0
1
1
0
2
1
1
1
0
1
0
0
0
0
0
1
0
0
0
1
0
0
0
2
0
0
0
2
0
0
0
0
1
0
1
0
1
0
0
0
2
0
1
0
1
1
0
0
0
0
0
0
0
1
1
0
1
0
1
0
0
0
0
1
0
1
0
0
0
0
1
1
0
0
0
1
0
1
0
1
0
1
0
1
2
0
0
1
0
0
0
0
0
0
0
0
0
1
0
1
0
0
1
0
0
0
1
0
1
1
0
0
0
2
1
0
0
0
0
0
0
0
0
0
0
0
0
0
0
1
1
0
0
1
0
0
1
1
0
1
0
0
0
0
1
1
1
1
1
0
0
1
0
0
0
0
0
1
0
0
1
0
0
0
1
0
0
1
0
0
0
0
1
0
0
1
0
0
0
0
0
0
0
0
0
0
1
1
0
0
0
1
0
1
0
0
0
0
0
0
0
1
0
0
0
0
1
0
0
0
0
0
1
0
0
0
0
0
0
0
0
0
0
2
0
0
0
0
0
0
0
2
1
0
1
1
0
0
0
0
0
0
0
0
1
0
0
1
0
0
0
1
0
0
0
1
0
0
0
0
1
0
0
2
1
0
0
0
1
0
0
2
0
1
0
0
1
0
0
0
0
0
1
2
1
0
0
0
0
0
0
0
0
0
0
0
0
0
1
1
0
0
0
0
0
0
0
0
0
0
0
0
0
1
0
0
0
0
2
0
0
0
0
1
1
1
0
0
1
0
1
0
0
1
1
0
1
0
0
0
0
1
0
1
1
0
2
0
0
0
0
0
0
0
1
0
0
1
0
0
0
0
0
0
0
0
0
0
1
0
0
0
1
2
0
1
0
0
0
1
1
0
0
0
0
0
3
0
1
0
0
0
2
0
0
0
1
0
0
0
1
0
1
0
0
0
1
0
0
0
0
0
2
0
2
0
0
1
0
2
0
1
1
0
0
0
1
0
0
1
0
0
0
1
0
0
0
0
0
0
0
1
0
1
0
1
0
0
0
0
0
1
1
0
0
0
0
0
0
0
0
0
0
0
0
1
0
1
1
0
0
0
1
0
1
0
0
0
0
1
0
0
0
0
0
1
0
1
0
0
0
0
0
1
0
1
0
0
0
0
1
1
0
1
0
0
0
0
0
1
0
0
0
0
0
1
0
0
0
1
1
0
0
0
0
0
0
1
1
0
0
1
0
0
0
1
0
2
0
0
0
0
0
0
0
0
0
0
1
0
1
0
0
0
0
0
0
0
1
0
0
0
0
1
0
1
0
1
1
0
1
0
0
0
0
1
0
0
0
1
0
0
0
0
0
0
0
0
0
0
1
0
0
0
1
0
0
0
0
0
0
0
0
1
1
0
0
0
0
0
1
1
1
1
0
0
0
1
0
0
1
0
1
0
0
1
0
0
0
0
0
1
1
0
0
0
0
1
0
0
0
0
0
0
0
1
0
0
0
0
0
0
2
0
2
0
0
1
0
0
1
0
0
0
0
0
0
1
0
0
0
0
0
0
0
0
0
0
0
1
0
0
0
0
0
0
2
0
0
0
0
0
1
0
0
1
1
0
0
0
0
1
0
0
1
0
0
0
0
0
0
0
0
0
0
0
2
0
0
0
0
1
0
1
0
0
1
1
0
0
0
1
0
0
0
0
0
0
1
0
0
0
0
0
0
0
2
0
0
0
0
1
0
1
0
0
0
0
0
0
0
1
0
0
0
1
1
0
1
1
0
0
0
0
0
0
1
0
1
1
0
0
1
0
1
0
0
1
0
0
0
0
0
1
0
0
0
0
1
0
0
0
0
0
0
1
0
0
0
0
0
0
1
0
0
0
0
0
1
0
0
0
1
0
1
0
0
0
0
0
0
0
0
0
1
0
0
0
0
0
0
0
0
0
0
0
0
0
0
0
0
0
0
0
0
0
1
0
0
1
0
0
1
0
0
0
0
0
0
0
0
0
0
0
0
0
1
0
1
0
1
0
0
0
0
0
1
0
0
0
1
0
0
0
0
0
0
0
1
0
0
0
0
0
0
2
0
0
0
0
0
0
0
1
0
0
1
0
0
1
0
0
0
1
0
0
0
0
0
1
0
0
0
1
0
0
0
0
0
0
0
0
0
1
0
0
0
1
1
0
0
0
0
0
0
0
0
0
0
0
1
0
0
1
0
0
1
0
0
0
0
0
0
0
0
0
2
0
1
0
0
2
0
0
0
0
0
0
0
0
0
1
0
0
0
0
0
0
0
1
0
0
0
0
0
0
0
0
0
0
0
1
1
0
0
0
1
0
0
0
1
0
0
0
2
0
0
0
0
0
0
0
0
0
1
1
0
1
0
0
0
1
0
0
0
0
1
0
0
0
1
0
0
0
0
0
1
0
1
1
0
0
0
1
0
0
0
1
0
0
1
0
0
0
0
0
0
1
0
0
1
1
0
0
0
1
2
0
0
0
0
0
0
0
0
0
0
1
0
0
1
0
0
0
0
0
1
0
0
0
0
1
0
0
0
0
0
1
0
0
0
1
0
0
0
0
0
0
1
0
0
0
0
0
1
0
0
0
0
0
0
0
0
0
0
1
0
0
0
1
0
0
0
0
0
0
0
0
0
0
0
0
0
0
0
0
0
0
0
0
0
0
0
0
0
0
0
0
1
0
0
0
1
0
0
0
0
0
1
0
1
0
0
0
0
0
0
0
0
2
0
1
0
0
1
0
0
1
1
0
0
0
0
0
1
0
1
0
0
0
0
0
0
0
0
0
0
0
0
0
0
0
0
0
1
0
0
1
1
0
0
0
0
0
0
0
1
0
0
0
0
0
0
0
0
0
1
0
0
0
0
0
0
0
0
1
0
0
0
1
0
1
0
0
0
1
0
0
0
1
0
0
2
1
0
0
0
0
0
0
0
0
0
0
0
1
0
0
1
0
0
0
0
0
0
1
0
2
0
0
0
0
1
0
0
0
0
0
0
0
0
0
0
0
0
1
0
1
0
0
0
1
1
1
0
0
0
0
0
0
0
0
0
0
0
0
0
1
0
0
0
0
0
0
0
0
0
0
1
0
0
0
0
0
0
0
1
0
0
0
0
0
0
0
0
0
0
0
0
0
0
0
0
2
0
0
0
1
0
0
0
0
0
0
0
0
0
0
0
0
0
0
1
0
0
0
1
0
0
0
1
1
0
0
0
0
0
0
0
0
0
1
1
0
1
0
0
0
0
0
0
0
0
0
0
0
0
0
0
2
0
0
0
0
0
0
0
1
0
0
0
0
0
0
0
1
0
0
0
0
0
0
0
0
0
0
1
0
1
0
1
1
0
1
0
0
0
0
0
0
0
0
0
0
0
1
0
0
0
0
0
0
0
1
0
0
0
0
0
0
1
0
0
0
0
0
0
0
0
1
0
0
0
0
0
0
0
0
0
0
0
0
0
0
0
0
2
0
0
0
0
0
0
0
0
0
0
0
0
0
0
0
1
0
3
0
0
0
0
0
0
0
0
0
0
0
1
0
1
0
0
0
2
0
1
0
0
0
0
0
0
0
0
0
0
0
1
0
0
0
0
2
0
0
1
1
0
0
0
0
0
0
1
0
0
0
0
0
0
0
0
0
0
0
0
0
0
0
1
0
0
0
0
1
0
0
0
0
0
0
1
0
0
0
0
0
1
0
0
1
0
0
0
0
0
0
0
0
0
0
0
0
0
0
0
0
0
0
0
0
0
0
1
0
0
1
0
0
0
0
0
0
0
0
0
0
0
0
0
0
0
0
1
0
0
1
0
0
2
0
0
0
0
0
1
0
0
0
0
0
0
0
0
0
0
0
0
0
1
0
0
0
0
0
0
1
1
0
0
0
0
1
0
0
1
1
0
0
0
0
0
0
1
0
0
0
0
0
0
0
0
0
0
0
0
0
1
0
0
1
0
0
0
0
0
0
0
0
0
0
0
0
0
0
0
0
0
1
0
1
0
0
0
0
0
0
0
1
0
0
0
0
0
0
0
0
0
0
0
0
0
0
0
0
0
0
1
0
0
0
0
0
0
1
0
0
0
0
0
0
0
0
0
0
0
0
0
0
0
0
0
1
0
0
0
0
0
1
0
0
0
0
0
0
0
0
0
0
0
0
0
0
0
0
0
0
0
0
1
1
0
0
0
0
0
0
0
0
0
0
0
0
1
0
0
0
0
0
0
0
0
0
0
0
0
0
0
0
0
0
0
0
0
0
0
0
0
0
0
0
0
2
0
0
0
0
0
1
0
0
0
0
0
0
0
0
0
0
0
0
0
0
0
0
0
0
1
0
1
0
0
0
0
0
0
0
0
0
0
0
0
0
0
0
1
0
0
1
0
0
0
0
0
1
0
0
0
0
0
0
0
0
0
0
0
0
0
1
0
0
0
1
0
0
0
0
0
0
0
1
0
0
0
0
0
0
0
0
0
0
0
0
0
0
0
0
0
0
0
0
0
0
0
0
0
0
0
0
0
0
0
0
0
0
0
0
0
0
0
0
1
0
0
0
0
0
0
0
0
0
0
0
0
0
0
0
0
0
0
0
0
0
0
1
0
0
0
1
0
0
0
0
0
0
0
0
0
0
0
0
0
0
0
0
0
0
0
0
0
0
0
0
0
0
1
0
0
0
0
0
0
0
1
0
0
0
0
0
0
0
0
0
0
0
1
0
0
0
0
0
0
0
0
0
0
0
0
0
0
0
0
0
0
0
0
0
0
0
0
0
0
0
0
0
0
0
0
0
0
0
0
0
0
0
0
0
0
0
0
0
0
1
0
0
0
0
0
0
0
0
0
1
0
0
0
0
0
0
0
0
1
0
0
0
0
0
0
0
1
0
0
0
0
0
0
0
1
0
0
0
0
0
0
0
0
1
2
0
0
0
0
0
0
0
0
0
0
0
0
0
0
0
0
0
0
0
0
0
0
0
0
0
0
0
0
0
0
0
0
0
0
0
0
0
0
0
0
0
0
0
0
0
0
0
0
0
0
0
1
0
0
0
0
0
0
0
1
0
0
0
0
0
0
0
1
1
0
0
0
0
0
0
0
0
0
1
0
0
0
0
0
0
0
0
0
0
0
0
0
0
1
0
0
0
0
0
0
0
0
0
0
0
0
0
0
0
0
0
0
1
0
0
0
0
0
0
1
0
0
0
0
0
0
0
0
0
0
0
0
0
0
0
0
1
0
0
0
0
0
0
0
1
0
0
0
0
0
0
0
0
0
0
0
0
0
1
0
0
0
0
0
0
0
0
0
0
0
0
0
0
0
0
0
0
0
0
0
0
0
0
0
0
0
0
1
0
0
0
0
0
0
0
0
0
0
0
0
0
0
1
0
0
1
0
0
0
0
0
1
0
0
0
0
0
0
0
0
0
0
0
0
0
0
0
0
1
1
0
0
1
1
0
0
0
0
0
0
0
0
0
0
0
0
0
0
0
0
0
0
0
1
0
0
0
0
0
0
0
0
0
0
0
0
0
0
0
0
0
0
0
0
0
0
0
1
0
0
0
0
0
0
0
0
0
0
0
0
0
1
0
0
0
0
0
0
0
0
0
0
0
0
0
0
0
0
0
0
0
0
0
0
0
1
0
0
0
0
1
0
0
0
0
0
0
0
0
0
0
0
0
0
0
1
0
0
0
0
0
0
0
1
0
0
0
0
0
1
0
0
0
0
0
0
0
0
0
0
0
0
0
0
0
0
1
0
0
0
0
0
0
0
0
0
0
0
0
0
0
0
0
0
0
0
0
0
0
0
0
0
0
1
0
0
1
0
0
0
1
0
0
0
0
0
0
0
1
0
0
0
0
0
0
1
0
0
0
0
0
0
1
0
1
1
0
0
0
0
0
0
0
1
0
0
0
0
0
0
0
0
0
0
0
0
0
0
0
0
0
0
0
0
0
0
0
0
0
0
0
0
0
0
0
0
0
1
0
0
0
0
0
0
0
0
0
0
0
0
0
0
0
0
1
0
0
0
0
0
0
0
0
0
0
0
0
0
0
0
0
0
0
0
0
1
0
0
0
1
0
0
0
0
0
0
0
0
0
0
0
0
1
0
0
0
0
0
1
0
0
0
0
0
0
0
0
0
0
0
0
0
0
0
0
1
0
0
0
0
0
0
0
0
0
0
0
0
0
1
0
0
1
0
0
0
0
0
0
0
0
0
0
0
0
0
0
0
0
0
1
0
0
0
0
0
0
0
0
1
0
0
0
0
0
0
0
0
0
0
0
0
0
0
0
0
0
0
0
0
0
0
0
0
1
0
0
0
0
0
0
0
0
0
0
0
0
0
0
0
0
0
0
0
0
0
0
0
0
0
0
0
0
0
0
0
0
0
0
1
0
0
0
0
0
0
0
0
0
0
0
1
0
0
0
0
0
0
0
0
0
0
0
0
0
1
0
1
0
0
0
0
0
0
0
0
0
0
0
0
0
0
0
0
0
0
1
0
0
1
0
0
0
0
0
0
0
0
0
0
1
0
0
0
0
0
0
0
0
0
0
0
0
0
0
1
0
0
0
0
0
0
0
0
0
0
0
0
0
0
0
0
0
1
0
0
0
0
0
0
0
0
1
0
0
0
0
0
0
0
0
0
0
0
1
0
0
0
0
0
0
0
0
0
0
0
0
0
0
0
0
0
1
0
0
0
0
0
0
0
0
0
0
0
0
0
0
0
0
0
0
0
0
0
0
0
0
0
0
0
0
0
1
0
0
0
0
0
0
0
0
1
0
0
0
0
0
0
0
0
0
0
0
0
0
0
0
0
0
0
0
0
0
0
0
0
0
0
0
0
0
0
0
0
0
1
0
0
0
0
0
0
0
0
0
0
0
0
0
0
0
0
0
0
0
0
0
0
1
0
0
0
0
0
0
0
0
1
0
0
0
0
0
0
0
0
0
0
0
0
0
0
1
0
0
0
0
0
0
1
0
0
0
0
0
1
0
0
0
0
0
0
0
0
0
0
0
0
0
0
0
0
0
0
0
0
1
0
0
0
0
1
0
0
0
0
0
0
0
0
0
0
0
0
0
0
0
0
0
0
0
0
0
0
0
0
0
0
0
0
1
0
0
0
0
0
0
0
0
0
0
0
0
0
0
0
0
0
0
0
1
0
0
1
0
0
0
0
0
0
0
0
0
0
0
0
0
0
0
0
0
0
0
0
0
0
0
0
0
0
0
0
0
0
0
0
0
0
0
0
0
0
0
0
0
0
0
0
0
1
0
0
0
0
0
0
1
0
0
0
0
0
0
0
0
0
0
0
0
0
0
0
2
0
0
1
0
0
0
0
0
0
0
0
1
0
0
0
0
0
0
1
0
0
0
1
0
0
0
0
0
1
0
0
0
0
0
0
0
0
0
0
0
0
0
0
1
0
0
0
0
0
0
0
0
0
0
0
0
0
0
0
0
0
0
0
0
0
0
0
0
0
0
0
0
2
0
0
0
1
0
0
0
0
0
0
0
0
0
1
0
0
0
0
0
0
0
0
0
1
0
0
0
0
0
0
0
0
0
0
0
0
0
0
0
0
0
0
0
0
0
0
0
0
0
0
0
0
0
0
0
0
0
0
0
0
0
0
0
0
0
0
0
0
0
0
0
0
0
0
0
0
0
0
0
0
0
0
0
0
0
0
0
0
0
0
0
0
0
0
0
0
0
0
0
0
0
0
0
0
0
0
0
0
0
0
0
0
0
0
0
0
0
0
0
0
0
0
0
0
0
0
0
0
0
1
0
0
0
0
0
0
0
0
0
0
0
0
0
0
0
0
0
0
0
0
0
0
0
0
0
0
0
0
0
0
0
0
0
0
0
0
0
0
0
0
0
0
0
0
0
0
1
0
0
0
0
0
0
0
0
0
0
0
0
0
0
0
0
0
0
0
0
0
0
0
0
0
0
0
0
0
0
0
0
0
0
0
0
0
0
0
0
0
0
0
0
0
0
0
0
0
0
0
0
0
0
0
0
0
0
0
0
0
0
0
0
0
1
0
0
0
0
0
0
1
0
0
0
0
0
0
0
0
0
0
0
0
0
0
0
0
0
0
0
0
0
0
0
0
0
0
0
0
0
0
0
0
0
1
0
0
0
0
0
0
0
0
0
0
0
0
0
1
0
0
0
0
0
0
0
0
0
0
0
0
0
0
0
0
0
0
0
0
0
0
0
0
0
0
1
0
0
0
0
0
1
0
0
0
0
0
0
0
0
0
0
0
0
0
1
0
0
0
0
0
0
0
0
0
0
0
0
0
0
0
0
0
0
0
0
0
0
0
0
0
0
0
0
0
0
0
0
1
1
1
0
1
0
1
0
0
0
0
0
0
1
0
0
0
0
0
0
0
0
0
0
0
0
0
0
0
0
1
2
0
0
0
0
0
0
0
0
0
0
0
0
0
0
0
0
0
0
0
0
0
0
0
0
0
1
0
0
0
0
0
0
0
0
0
0
1
0
0
0
0
0
0
0
0
0
0
0
1
0
0
0
0
0
0
0
0
1
0
0
0
0
0
0
0
0
0
0
0
0
0
0
0
0
0
0
0
0
0
0
0
0
0
0
0
0
0
0
0
0
0
0
0
0
0
0
0
0
0
0
0
0
0
0
0
0
0
0
0
0
0
0
0
0
0
0
0
0
0
0
0
0
0
0
0
0
0
0
0
0
0
0
0
0
0
0
0
0
0
0
0
0
1
0
0
0
0
0
0
0
0
0
0
0
0
0
0
0
1
0
0
0
0
0
0
0
0
0
0
0
0
0
0
0
0
0
0
0
0
0
0
0
0
0
0
0
1
0
0
0
0
0
0
0
0
0
0
0
0
0
0
0
0
0
0
0
0
0
0
0
0
1
0
0
0
0
0
0
0
0
0
0
0
0
0
0
0
0
0
0
0
0
0
0
0
0
0
0
0
0
0
1
0
0
0
0
0
0
0
0
0
0
0
0
0
1
0
0
0
0
0
1
0
0
0
0
0
0
0
0
0
0
0
0
0
0
0
0
0
0
0
0
0
1
0
0
0
0
0
0
0
0
0
0
0
0
0
0
0
0
0
0
0
0
0
0
0
0
0
0
1
0
0
0
0
0
0
0
0
0
0
0
0
0
0
0
0
0
0
0
0
0
0
0
0
0
0
0
0
0
0
0
0
0
0
0
0
0
0
0
0
0
0
0
0
0
0
0
0
0
0
0
0
0
0
0
0
0
0
0
0
1
0
0
0
0
0
0
0
0
0
0
0
0
0
1
0
0
0
0
1
0
0
0
0
0
0
0
0
0
0
0
0
0
0
0
0
0
0
0
0
0
0
0
0
0
0
0
0
0
0
0
0
0
0
0
0
0
0
0
0
0
0
0
0
0
0
0
0
1
0
0
0
0
0
0
0
0
0
0
0
0
0
0
0
0
0
0
0
1
0
0
0
0
0
0
0
0
0
0
0
0
0
0
0
0
0
0
0
0
0
0
1
0
0
1
0
0
0
0
0
0
0
0
0
0
0
0
0
0
0
0
0
0
0
0
0
0
0
0
0
0
0
0
1
0
0
0
1
0
0
0
0
0
0
0
0
0
0
0
0
0
0
0
0
0
0
0
0
0
0
0
0
0
0
0
0
0
1
0
0
0
0
0
0
0
0
0
0
0
0
0
0
0
0
0
0
0
0
0
0
0
1
0
0
0
0
0
0
0
0
0
0
0
0
0
0
0
0
0
0
0
0
0
0
0
0
0
0
0
0
0
0
0
0
0
0
0
0
0
0
0
0
0
0
0
0
0
0
0
0
0
0
0
0
0
0
0
0
0
0
0
0
0
0
0
1
0
0
0
0
0
0
0
0
0
0
0
0
0
0
0
0
0
0
0
0
0
0
0
0
0
0
0
0
1
0
0
0
0
0
0
0
0
0
0
0
0
0
0
0
0
0
0
0
0
0
1
0
0
0
0
0
0
0
0
0
0
0
1
0
0
0
0
0
0
0
0
0
0
0
0
0
0
0
0
0
0
0
0
0
0
0
0
0
0
0
0
0
0
0
0
0
0
0
0
0
0
0
0
0
0
0
0
0
1
0
0
0
0
0
0
0
0
0
0
0
0
0
0
0
0
0
0
0
0
0
0
0
0
0
0
0
0
0
0
0
0
0
0
0
1
0
0
0
0
0
0
0
0
0
0
1
0
1
0
0
0
0
0
0
0
0
0
0
0
0
1
0
0
0
0
0
0
1
0
0
0
0
0
0
0
0
0
0
0
0
0
0
0
0
0
0
0
0
0
0
0
0
0
0
0
0
0
0
0
0
0
0
0
0
0
0
0
0
0
0
0
0
0
0
0
0
0
0
0
0
0
0
0
0
0
0
0
0
0
0
0
0
0
0
0
0
0
0
0
0
0
0
0
0
0
0
0
0
0
0
0
0
0
0
0
0
0
0
0
0
0
0
0
0
0
0
0
0
0
0
0
0
0
0
0
0
0
0
0
0
0
0
0
0
0
0
0
0
0
0
0
0
0
0
0
0
0
0
0
0
0
0
0
0
0
0
0
0
0
0
0
0
0
0
0
0
0
0
0
0
0
0
0
0
0
0
0
0
0
0
0
0
0
0
0
0
0
0
0
0
0
0
0
0
0
0
0
0
0
0
0
0
0
1
0
0
0
0
0
0
0
0
0
0
0
0
0
0
0
0
0
0
0
0
0
0
0
0
0
0
0
0
0
0
0
0
0
1
0
0
0
0
0
0
0
0
0
0
0
0
0
0
0
0
0
0
0
0
0
0
0
0
1
0
0
0
0
0
0
0
0
0
0
0
0
0
0
0
0
0
0
0
0
0
0
0
0
0
0
0
0
0
0
0
1
0
0
0
0
0
0
0
0
0
0
0
0
0
0
0
0
0
0
0
0
0
0
0
0
0
0
0
0
0
0
0
0
0
0
0
0
0
0
0
0
0
0
0
0
0
0
0
0
1
0
0
0
0
0
0
0
0
0
0
0
0
0
0
0
0
0
0
0
0
0
0
0
0
0
1
0
0
0
0
0
1
0
0
0
0
0
0
0
0
0
0
0
0
0
0
0
0
0
0
0
0
0
0
0
0
0
0
0
0
0
0
0
0
0
0
0
0
0
0
0
1
0
0
0
0
0
0
0
0
0
0
0
0
0
0
1
0
0
0
0
0
0
0
0
0
0
0
0
0
0
0
0
0
0
0
0
0
0
0
0
0
0
0
0
0
0
0
0
0
0
0
0
0
0
0
0
0
0
0
0
0
0
0
0
0
0
0
0
0
0
0
0
0
0
0
0
0
0
0
0
0
0
0
0
0
0
0
0
0
0
0
0
0
0
0
0
0
0
0
0
0
0
0
0
0
0
0
0
0
0
0
0
0
0
0
0
0
0
0
0
0
0
0
0
0
0
1
0
1
0
0
1
0
0
0
0
0
0
0
0
0
0
0
0
0
0
1
0
0
0
0
0
0
0
0
0
0
0
0
0
0
0
0
0
0
0
0
0
0
0
0
0
0
0
0
0
0
0
0
0
0
0
0
0
0
0
0
0
0
0
0
0
0
0
0
0
0
0
0
0
0
0
0
0
0
0
0
0
0
0
0
0
0
0
0
0
0
0
0
0
0
0
0
0
0
0
0
0
0
0
0
0
0
0
0
0
0
0
0
0
0
0
0
0
0
0
0
0
1
0
0
0
0
0
0
0
1
0
0
0
0
0
0
0
0
0
0
0
0
0
0
0
0
0
0
0
0
0
0
0
0
0
0
0
0
0
0
0
0
0
0
0
0
0
0
0
0
0
0
0
0
0
0
0
0
0
0
0
0
0
0
0
0
0
0
0
0
0
0
0
0
0
0
0
0
0
0
0
0
0
0
0
0
0
0
0
0
0
0
0
0
0
0
0
0
0
0
0
0
0
0
0
0
0
0
0
0
0
0
0
0
0
0
0
0
0
0
0
0
0
0
0
0
0
0
0
0
0
0
0
0
0
0
0
0
0
0
0
0
0
0
0
0
0
0
0
0
0
0
0
0
0
0
0
0
0
0
0
0
0
0
0
0
0
0
0
0
0
0
0
0
0
0
0
0
0
0
0
0
0
1
0
0
0
0
0
0
0
0
0
0
0
0
0
0
0
0
0
0
0
0
0
0
0
0
0
0
0
0
0
0
0
0
0
0
0
0
0
0
0
0
0
0
0
0
0
0
0
0
0
0
0
0
0
0
0
0
0
0
0
0
0
0
0
0
0
0
0
0
0
0
0
0
0
0
0
0
0
0
0
0
0
0
0
0
0
0
0
0
0
0
0
0
0
0
0
0
0
0
0
0
0
0
0
0
0
0
0
0
0
0
0
0
0
0
0
0
0
0
0
0
0
0
0
0
0
0
0
0
0
0
0
1
0
0
0
0
0
0
0
0
0
0
0
0
0
0
0
0
0
0
0
0
0
1
0
0
0
0
0
0
0
0
0
0
0
0
0
0
1
0
0
0
0
0
0
0
0
0
0
0
0
0
0
0
0
0
0
0
0
0
0
0
0
0
0
0
0
1
0
0
0
0
0
0
0
0
0
0
0
0
0
0
0
0
0
0
0
0
0
0
0
0
0
0
0
0
0
0
0
0
0
0
0
0
0
0
0
0
0
0
0
0
0
0
0
0
0
0
0
0
0
0
0
0
0
0
0
0
0
0
0
0
0
0
0
0
0
0
0
0
0
0
0
0
0
0
0
0
0
0
0
0
0
0
0
0
0
0
0
0
0
0
0
0
0
0
0
0
0
0
0
0
0
0
0
0
0
0
0
0
0
0
0
0
0
0
0
0
0
0
0
0
0
0
0
0
0
0
0
0
0
0
0
0
0
0
0
0
0
0
0
0
0
0
0
0
0
0
0
0
0
0
0
0
0
0
0
0
0
0
0
0
0
0
0
0
0
0
0
0
0
0
0
0
0
0
0
0
0
0
0
0
0
0
0
0
0
0
0
0
0
0
0
0
0
0
0
0
0
0
0
0
0
0
1
0
0
0
0
0
0
0
0
0
0
0
0
0
0
0
0
0
0
0
0
0
0
0
0
0
0
0
0
0
0
0
0
0
0
0
0
0
0
0
0
0
0
0
0
0
0
1
0
0
0
0
0
0
0
0
0
0
0
1
0
0
0
0
0
0
0
0
0
0
0
0
0
0
0
0
0
0
0
0
0
0
0
0
0
0
0
0
0
0
0
0
0
0
0
0
0
0
0
0
0
0
0
0
0
0
0
0
0
0
0
0
0
0
0
0
0
0
0
0
0
0
0
0
0
1
0
0
0
0
0
0
0
0
0
0
0
0
0
0
0
0
0
0
0
0
0
0
0
0
0
0
0
0
0
0
0
0
0
0
0
0
0
0
0
0
0
0
0
0
0
0
0
0
0
0
0
0
0
0
0
0
0
0
0
0
0
0
0
0
0
0
0
0
0
0
0
0
0
0
0
0
0
0
0
0
0
0
0
0
0
0
0
0
0
0
0
0
1
0
0
0
0
0
0
0
0
0
0
0
0
0
0
0
0
0
0
0
0
0
0
0
0
0
0
0
0
0
0
0
0
0
0
0
0
0
0
0
0
0
0
0
0
0
0
0
0
0
0
0
0
0
0
0
0
0
0
0
0
0
0
0
0
0
0
0
0
0
0
0
0
0
0
0
0
0
0
0
0
0
0
0
0
0
0
0
0
0
0
0
0
0
0
0
0
0
0
0
0
0
0
0
0
0
0
0
0
0
0
0
0
0
0
0
0
0
0
0
0
0
0
0
0
0
0
0
0
0
0
0
0
0
0
0
0
0
0
0
0
0
0
0
0
0
0
0
0
0
0
0
0
0
0
0
0
0
0
0
0
0
0
0
0
0
0
0
0
0
0
0
0
0
0
0
0
0
0
0
0
0
0
0
0
0
0
0
0
0
0
0
0
0
0
0
0
0
0
0
1
0
0
0
0
0
0
0
0
0
0
0
0
0
0
0
0
0
0
0
0
0
0
0
0
0
1
0
0
0
0
0
0
0
0
0
0
0
0
0
0
0
0
0
0
0
0
0
0
0
0
0
0
0
0
0
0
0
0
0
0
0
0
0
0
0
0
0
0
0
0
0
0
0
0
0
0
0
0
0
0
0
0
0
0
0
0
0
0
0
0
0
0
0
0
0
0
0
0
0
0
1
0
0
0
0
0
0
0
0
0
0
0
0
0
0
0
0
0
0
0
0
0
0
0
0
0
0
0
0
0
0
0
0
0
0
0
0
0
0
0
0
0
0
0
0
0
0
0
0
0
0
0
0
0
0
0
0
0
0
0
0
0
0
0
0
0
0
0
0
0
0
0
0
0
0
0
0
0
0
0
0
0
0
0
0
0
0
0
0
1
0
0
0
0
0
0
0
0
0
1
0
0
0
0
0
0
0
0
0
0
0
0
0
0
0
0
0
0
0
0
0
0
0
0
0
0
0
0
0
0
0
0
0
0
0
0
0
0
0
0
0
0
0
0
0
0
0
0
0
0
0
0
0
0
0
0
0
0
0
0
0
0
0
0
0
1
0
0
0
0
0
0
0
0
0
0
0
0
0
0
0
0
0
0
0
0
0
0
0
0
0
0
0
0
0
0
0
0
0
0
0
0
0
0
0
0
0
0
0
0
0
0
0
0
0
0
0
0
0
1
0
0
0
0
0
0
0
0
0
0
0
0
0
0
0
0
0
0
0
0
0
1
0
0
0
0
0
0
0
0
0
0
0
0
0
0
0
0
0
0
0
0
0
0
0
0
0
0
0
0
0
0
0
1
0
0
0
0
0
0
0
0
0
0
0
0
0
0
0
0
0
0
0
0
0
0
0
0
0
0
0
0
0
0
0
0
0
0
0
0
0
0
0
0
0
0
0
0
0
0
0
0
0
0
0
0
0
0
0
0
0
0
0
0
0
0
0
0
0
0
0
0
0
0
0
0
0
0
0
0
0
0
0
0
0
0
0
0
0
0
0
0
0
0
0
0
0
0
0
0
0
0
0
0
0
0
0
0
0
0
0
0
0
0
0
0
0
0
0
0
0
0
0
0
0
0
0
0
0
0
1
0
0
0
0
0
0
0
0
0
0
0
0
0
0
0
0
0
0
0
0
0
0
0
0
0
0
0
0
0
0
0
0
0
0
0
0
0
0
0
0
0
0
0
0
0
0
0
0
0
0
0
0
0
0
0
0
0
0
0
0
0
0
0
0
0
0
0
0
0
0
0
0
0
0
0
0
0
0
0
0
0
0
0
0
0
0
0
0
0
0
0
0
0
0
0
0
0
0
0
0
0
0
0
0
0
0
0
0
0
0
0
0
0
0
0
0
0
1
0
0
0
0
0
0
0
0
0
0
0
0
0
0
0
0
0
0
0
1
0
0
0
0
0
0
0
0
0
0
0
0
0
0
0
0
0
0
0
0
0
0
0
0
0
0
0
0
0
0
0
0
0
0
0
0
0
0
0
0
0
0
0
0
0
0
0
0
0
0
0
0
0
0
0
0
0
0
0
0
0
0
0
0
0
0
0
0
0
0
0
0
0
0
0
0
0
0
0
0
0
0
0
0
0
0
0
0
0
0
0
0
0
0
0
0
0
0
0
0
0
0
0
0
0
0
0
0
0
0
0
0
0
0
0
0
0
0
0
0
0
0
0
0
0
0
0
0
0
0
0
0
0
0
0
0
0
0
0
0
0
0
0
0
0
0
0
0
0
0
0
0
0
0
0
0
0
0
0
0
0
0
0
0
0
0
0
0
0
0
0
0
0
0
0
0
0
0
0
0
0
0
0
0
0
0
0
0
0
0
0
0
0
0
0
0
0
0
0
0
0
0
0
0
0
0
0
0
0
0
0
0
0
0
0
0
0
0
0
0
0
0
0
0
0
0
0
0
0
0
0
0
0
0
0
0
0
0
0
0
0
0
0
0
0
0
0
0
0
0
0
0
0
0
0
0
0
0
0
0
0
0
0
0
0
0
0
0
0
0
0
0
0
0
0
0
0
0
0
0
0
0
0
0
0
0
0
0
0
0
0
0
0
0
0
0
0
0
0
0
0
0
0
0
0
0
0
0
0
0
0
0
0
0
0
0
0
0
0
0
0
0
0
0
0
0
0
0
0
0
0
0
0
0
0
0
0
0
1
0
0
0
0
0
0
0
0
0
0
0
0
0
0
0
0
0
0
0
0
0
0
0
0
0
0
0
0
0
0
0
0
0
0
0
0
0
0
0
0
0
0
0
0
0
0
0
0
0
0
0
0
0
0
0
0
0
0
0
0
0
0
0
0
0
0
0
0
0
0
0
0
0
0
0
0
0
0
0
0
0
0
0
0
0
0
0
0
0
0
0
0
0
0
0
0
0
0
0
0
0
0
0
0
0
0
0
0
0
0
0
0
0
0
0
0
0
0
0
0
0
0
0
0
0
0
0
0
0
0
0
0
0
0
0
0
0
0
0
0
0
0
0
0
0
0
0
1
0
0
0
0
0
0
0
0
0
0
0
0
0
0
0
0
0
0
1
0
0
0
0
0
0
0
0
0
0
0
0
0
0
0
0
1
0
0
0
0
0
0
0
0
0
0
0
0
0
0
0
0
0
0
0
0
0
0
0
0
0
0
0
0
0
0
0
0
0
0
0
0
0
0
0
0
0
0
0
0
0
0
0
0
0
0
0
0
0
0
0
0
0
0
0
0
0
0
0
0
0
0
0
0
0
0
0
0
0
0
0
0
0
0
0
0
0
0
0
0
0
0
0
0
0
0
0
0
0
0
0
0
0
0
0
0
0
0
0
0
0
0
0
0
0
0
0
0
0
0
0
0
0
0
0
0
0
0
0
0
0
0
0
0
0
0
0
0
0
0
0
0
0
0
0
0
0
0
0
0
0
0
0
0
0
0
0
0
0
0
0
0
0
0
0
0
0
0
0
0
0
0
0
0
0
0
0
0
0
0
0
0
0
0
0
0
0
0
0
0
0
0
0
0
0
0
0
0
0
0
0
0
0
0
0
0
0
0
0
0
0
0
0
0
0
0
0
0
0
0
0
0
0
0
0
0
0
0
0
0
0
0
0
0
0
0
0
0
0
0
0
0
0
0
0
0
0
0
0
0
0
0
0
0
0
0
0
0
0
0
0
0
0
0
0
0
0
0
0
0
0
0
0
0
0
0
0
0
0
0
0
0
0
0
0
0
0
0
0
0
0
0
0
0
0
0
0
0
0
0
0
0
0
0
0
0
0
0
0
0
0
0
0
0
0
0
0
0
0
0
0
0
0
0
0
0
0
0
0
0
0
0
0
0
0
0
0
0
0
0
0
0
1
0
0
0
0
0
0
0
0
0
0
0
0
1
0
0
0
0
0
0
0
0
0
0
0
0
0
0
0
0
0
0
0
0
0
0
0
0
0
0
0
0
0
0
0
0
0
0
0
0
0
0
0
0
0
0
0
0
0
0
0
0
0
0
0
0
0
0
0
0
0
0
0
0
0
0
0
0
0
0
0
0
0
0
0
0
0
0
0
0
0
0
0
0
0
0
0
0
0
0
0
0
0
0
0
0
0
0
0
0
0
0
0
0
0
0
0
0
0
0
0
0
0
0
0
0
0
0
0
0
0
0
0
0
0
0
0
0
0
0
0
0
0
0
0
0
0
0
0
0
0
0
0
0
0
0
0
0
0
0
0
0
0
0
0
0
0
0
0
0
0
0
0
0
0
0
0
0
0
0
0
0
0
0
0
0
0
0
0
0
0
0
0
0
0
0
0
0
0
0
0
0
0
0
0
0
0
0
0
0
0
0
0
0
0
0
0
0
0
0
0
0
0
0
0
0
0
0
0
0
1
0
0
0
0
0
0
0
0
0
0
0
0
0
0
1
0
0
0
0
0
0
0
0
0
0
0
0
0
0
0
0
0
0
0
0
0
0
0
0
0
0
0
0
0
0
0
0
0
0
0
0
0
0
0
0
0
0
0
0
0
0
0
0
0
0
0
0
0
0
0
0
0
0
0
0
0
0
0
0
0
0
0
0
0
0
0
0
0
0
0
0
0
0
0
0
0
0
0
0
0
0
0
0
0
0
0
0
0
0
0
0
0
0
0
0
0
0
0
0
0
0
0
0
0
0
0
0
0
0
0
0
0
0
0
0
0
0
0
0
0
0
0
0
0
0
0
0
0
0
0
0
0
0
0
0
0
0
0
0
0
0
0
0
0
0
0
0
0
0
0
0
0
0
0
0
0
0
0
0
0
0
0
0
0
0
0
0
0
0
0
0
0
0
0
0
0
0
0
0
0
0
0
0
0
0
0
0
0
0
0
0
0
0
0
0
0
0
0
0
0
0
0
0
0
0
0
0
0
0
0
0
0
0
0
0
0
0
0
0
0
0
0
0
0
0
0
0
0
0
0
0
0
0
0
0
0
0
0
0
0
0
0
0
0
0
0
0
0
0
0
0
0
0
0
0
0
0
0
0
0
0
0
0
0
0
0
0
0
0
0
0
0
0
0
0
0
0
0
0
0
0
0
0
0
0
0
0
0
0
0
0
0
0
0
0
0
0
0
0
0
0
0
0
0
0
0
0
0
0
0
0
0
0
0
0
0
0
0
0
0
0
0
0
0
0
0
0
0
0
0
0
0
0
0
0
0
0
1
0
0
0
0
0
0
0
0
0
0
0
0
0
0
0
0
0
0
0
0
0
0
0
0
0
0
0
0
0
0
0
0
0
0
0
0
0
0
0
0
0
0
0
0
0
0
0
0
0
0
0
0
0
0
0
0
0
0
0
0
0
0
0
0
0
0
0
0
0
0
0
0
0
0
0
0
0
0
0
0
0
0
0
0
0
0
0
0
0
0
0
0
0
0
0
0
0
0
0
0
0
0
0
0
0
0
0
0
0
0
0
0
0
0
0
0
0
0
0
0
0
0
0
0
0
0
0
0
0
0
0
0
0
0
0
0
0
0
0
0
0
0
0
0
0
0
0
0
0
0
0
0
0
0
0
0
0
0
0
0
0
1
0
0
0
0
0
0
0
0
0
0
0
0
0
0
0
0
0
0
0
0
0
0
0
0
0
0
0
0
0
0
0
0
0
0
0
0
0
0
0
0
0
0
0
0
0
0
0
0
0
0
0
0
0
0
0
0
0
0
0
0
0
0
0
0
0
0
0
0
0
0
0
0
0
0
0
0
0
0
0
0
0
0
0
0
0
0
0
0
0
0
0
0
0
0
0
0
0
0
0
0
0
0
0
0
0
0
0
0
0
0
0
0
0
0
0
0
0
0
0
0
0
0
0
0
0
0
0
0
0
0
0
0
0
0
0
0
0
0
0
0
0
0
0
0
0
0
0
0
0
0
0
0
0
0
0
0
0
0
0
0
0
0
0
0
0
0
0
0
0
0
0
0
0
0
0
0
0
0
0
0
0
0
0
0
0
0
0
0
0
0
0
0
0
0
0
0
0
0
0
0
0
0
0
0
0
0
0
0
0
0
0
0
0
0
0
0
0
0
0
0
0
0
0
0
0
0
0
0
0
0
0
0
0
0
0
0
0
0
0
0
0
0
0
0
0
0
0
0
0
0
0
0
0
0
0
0
0
0
0
0
0
0
0
0
0
0
0
0
0
0
0
0
0
0
0
0
0
0
0
0
0
0
0
0
0
0
0
0
0
0
0
0
0
0
0
0
0
0
0
0
0
0
0
0
0
0
0
0
0
0
0
0
0
0
0
0
0
0
0
0
0
0
0
0
0
0
0
0
0
0
0
0
0
0
0
0
0
0
0
0
0
0
0
0
0
0
0
0
0
0
0
0
0
0
0
0
0
0
0
0
0
0
0
0
0
0
0
0
0
0
0
0
0
0
0
0
0
0
0
0
0
0
0
0
0
0
0
0
0
0
0
0
0
0
0
0
0
0
0
0
0
0
0
0
0
0
0
0
0
0
0
0
0
0
0
0
0
0
0
0
0
0
0
0
0
0
0
0
0
0
0
0
0
0
0
0
0
0
0
0
0
0
0
0
0
0
0
0
0
0
0
0
0
0
0
0
0
0
0
0
0
0
0
0
0
0
0
0
0
1
0
0
0
0
0
0
0
0
0
0
0
0
0
0
0
0
0
0
0
0
0
0
0
0
0
0
0
0
0
0
0
0
0
0
0
0
0
0
0
0
0
0
0
0
0
0
0
0
0
0
0
0
0
0
0
0
0
0
0
0
0
0
0
0
0
0
0
0
0
0
0
0
0
0
0
0
0
0
0
0
0
0
0
0
0
0
0
0
0
0
0
0
0
0
0
0
0
0
0
0
0
0
0
0
0
0
0
0
0
0
0
0
0
0
0
0
0
0
0
0
0
0
0
0
0
0
0
0
0
0
0
0
0
0
0
0
0
0
0
0
0
0
0
0
0
0
0
0
0
0
0
0
0
0
0
0
0
0
0
0
0
0
0
1
0
0
0
0
0
0
0
0
0
0
0
0
0
0
0
0
0
0
0
0
0
0
0
0
0
0
0
0
0
0
0
0
0
0
0
0
0
0
0
0
0
0
0
0
0
0
0
0
0
0
0
0
0
0
0
0
0
0
0
0
0
0
0
0
0
0
0
0
0
0
0
0
0
0
0
0
0
0
0
0
0
0
0
0
0
0
0
0
0
0
0
0
0
0
0
0
0
0
0
0
0
0
0
0
0
0
0
0
0
0
0
0
0
0
0
0
0
0
0
0
0
0
0
0
0
0
0
0
0
0
0
0
0
0
0
0
0
0
0
0
0
0
0
0
0
0
0
0
0
0
0
0
0
0
0
0
0
0
0
0
0
0
0
0
0
0
0
0
0
0
0
0
0
0
0
0
0
0
0
0
0
0
0
0
0
0
0
0
0
0
0
0
0
0
0
0
0
0
0
0
0
0
0
0
0
0
0
0
0
0
0
0
0
0
0
0
0
0
0
0
0
0
0
0
0
0
0
0
0
0
0
0
0
0
0
0
0
0
0
0
0
0
0
0
0
0
0
0
0
0
0
0
0
0
0
0
0
0
0
0
0
0
0
0
0
0
0
0
0
0
0
0
0
0
0
0
0
0
0
0
0
0
0
0
0
0
0
0
0
0
0
0
0
0
0
0
0
0
0
0
0
0
0
0
0
0
0
0
0
0
0
0
0
0
0
0
0
0
0
0
0
0
0
0
0
0
0
0
0
0
0
0
0
0
0
0
0
0
0
0
0
0
0
0
0
0
0
0
0
0
0
0
0
0
0
0
0
0
0
0
0
0
0
0
0
0
0
0
0
0
0
0
0
0
0
0
0
0
0
0
0
0
0
0
0
0
0
0
0
0
0
0
0
0
0
0
0
0
0
0
0
0
0
0
0
0
0
0
0
0
0
0
0
0
0
0
0
0
0
0
0
0
0
0
0
0
0
0
0
0
0
0
0
0
0
0
0
0
0
0
0
0
0
0
0
0
0
0
0
0
0
0
0
0
0
0
0
0
0
0
0
0
0
0
0
0
0
0
0
0
0
0
0
0
0
0
0
0
0
0
0
0
0
0
0
0
0
0
0
0
0
0
0
0
0
0
0
0
0
0
0
0
0
0
0
0
0
0
0
0
0
0
0
0
0
0
0
0
0
0
0
0
0
0
0
0
0
0
0
0
0
0
0
0
0
0
0
0
0
0
0
0
0
0
0
0
0
0
0
0
0
0
0
0
0
0
0
0
0
0
0
0
0
0
0
0
0
0
0
0
0
0
0
0
0
0
0
0
0
0
0
0
0
0
0
0
0
0
0
0
0
0
0
0
0
0
0
0
0
0
0
0
0
0
0
0
0
0
0
0
0
0
0
0
0
0
0
0
0
0
0
0
0
0
0
0
0
0
0
0
0
0
0
0
0
0
0
0
0
0
0
0
0
0
0
0
0
0
0
0
0
0
0
0
0
0
0
0
0
0
0
0
0
0
0
0
0
0
0
0
0
0
0
0
0
0
0
0
0
0
0
0
0
0
0
0
0
0
0
0
0
0
0
0
0
0
0
0
0
0
0
0
0
0
0
0
0
0
0
0
0
0
0
0
0
0
0
0
0
0
0
0
0
0
0
0
0
0
0
0
0
0
0
0
0
0
0
0
0
0
0
0
0
0
0
0
0
0
0
0
0
0
0
0
0
0
0
0
0
0
0
0
0
0
0
0
0
0
0
0
0
0
0
0
0
0
0
0
0
0
0
0
0
0
0
0
0
0
0
0
0
0
0
0
0
0
0
0
0
0
0
0
0
0
0
0
0
0
0
0
0
0
0
0
0
0
0
0
0
0
0
0
0
0
0
0
0
0
0
0
0
0
0
0
0
0
0
0
0
0
0
0
0
0
0
0
0
0
0
0
0
0
0
0
0
0
0
0
0
0
0
0
0
0
0
0
0
0
0
0
0
0
0
0
0
0
0
0
0
0
0
0
0
0
0
0
0
0
0
0
0
0
0
0
0
0
0
0
0
0
0
0
0
0
0
0
0
0
0
0
0
0
0
0
0
0
0
0
0
0
0
0
0
0
0
0
0
0
0
0
0
0
0
0
0
0
0
0
0
0
0
0
0
0
0
0
0
0
0
0
0
0
0
0
0
0
0
0
0
0
0
0
0
0
0
0
0
0
0
0
0
0
0
0
0
0
0
0
0
0
0
0
0
0
0
0
0
0
0
0
0
0
0
0
0
0
0
0
0
0
0
0
0
0
0
0
0
0
0
0
0
0
0
0
0
0
0
0
0
0
0
0
0
0
0
0
0
0
0
0
0
0
0
0
0
0
0
0
0
0
0
0
0
0
0
0
0
0
0
0
0
0
0
0
0
0
0
0
0
0
0
0
0
0
0
0
0
0
0
0
0
0
0
0
0
0
0
0
0
0
0
0
0
0
0
0
0
0
0
0
0
0
0
0
0
0
0
0
0
0
0
0
0
0
0
0
0
0
0
0
0
0
0
0
0
0
0
0
0
0
0
0
0
0
0
0
0
0
0
0
0
0
0
0
0
0
0
0
0
0
0
0
0
0
0
0
0
0
0
0
0
0
0
0
0
0
0
0
0
0
0
0
0
0
0
0
0
0
0
0
0
0
0
0
0
0
0
0
0
0
0
0
0
0
0
0
0
0
0
0
0
0
0
0
0
0
0
0
0
0
0
0
0
0
0
0
0
0
0
0
0
0
0
0
0
0
0
0
0
0
0
0
0
0
0
0
0
0
0
0
0
0
0
0
0
0
0
0
0
0
0
0
0
0
0
0
0
0
0
0
0
0
0
0
0
0
0
0
0
0
0
0
0
0
0
0
0
0
0
0
0
0
0
0
0
0
0
0
0
0
0
0
0
0
0
0
0
0
0
0
0
0
0
0
0
0
0
0
0
0
0
0
0
0
0
0
0
0
0
0
0
0
0
0
0
0
0
0
0
0
0
0
0
0
0
0
0
0
0
0
0
0
0
0
0
0
0
0
0
0
0
0
0
0
0
0
0
0
0
0
0
0
0
0
0
0
0
0
0
0
0
0
0
0
0
0
0
0
0
0
0
0
0
0
0
0
0
0
0
0
0
0
0
0
0
0
0
0
0
0
0
0
0
0
0
0
0
0
0
0
0
0
0
0
0
0
0
0
0
0
0
0
0
0
0
0
0
0
0
0
0
0
0
0
0
0
0
0
0
0
0
0
0
0
0
0
0
0
0
0
0
0
0
0
0
0
0
0
0
0
0
0
0
0
0
0
0
0
0
0
0
0
0
0
0
0
0
0
0
0
0
0
0
0
0
0
0
0
0
0
0
0
0
0
0
0
0
0
0
0
0
0
0
0
0
0
0
0
0
0
0
0
0
0
0
0
0
0
0
0
0
0
0
0
0
0
0
0
0
0
0
0
0
0
0
0
0
0
0
0
0
0
0
0
0
0
0
0
0
0
0
0
0
0
0
0
0
0
0
0
0
0
0
0
0
0
0
0
0
0
0
0
0
0
0
0
0
0
0
0
0
0
0
0
0
0
0
0
0
0
0
0
0
0
0
0
0
0
0
0
0
0
0
0
0
0
0
0
0
0
0
0
0
0
0
0
0
0
0
0
0
0
0
0
0
0
0
0
0
0
0
0
0
0
0
0
0
0
0
0
0
0
0
0
0
0
0
0
0
0
0
0
0
0
0
0
0
0
0
0
0
0
0
0
0
0
0
0
0
0
0
0
0
0
0
0
0
0
0
0
0
0
0
0
0
0
0
0
0
0
0
0
0
0
0
0
0
0
0
0
0
0
0
0
0
0
0
0
0
0
0
0
0
0
0
0
0
0
0
0
0
0
0
0
0
0
0
0
0
0
0
0
0
0
0
0
0
0
0
0
0
0
0
0
0
0
0
0
0
0
0
0
0
0
0
0
0
0
0
0
0
0
0
0
0
0
0
0
0
0
0
0
0
0
0
0
0
0
0
0
0
0
0
0
0
0
0
0
0
0
0
0
0
0
0
0
0
0
0
0
0
0
0
0
0
0
0
0
0
0
0
0
0
0
0
0
0
0
0
0
0
0
0
0
0
0
0
0
0
0
0
0
0
0
0
0
0
0
0
0
0
0
0
0
0
0
0
0
0
0
0
0
0
0
0
0
0
0
0
0
0
0
0
0
0
0
0
0
0
0
0
0
0
0
0
0
0
0
0
0
0
0
0
0
0
0
0
0
0
0
0
0
0
0
0
0
0
0
0
1
