
                     
                     
                     
                     
                     
                     
                     
                     
                     
                     
                     
                     
                     
                     
                     
                     
                     
                     
                     
                     
                     

                     
                     
                     
                     
                     
                     
                     
                     
                     
                     
                     
                     
                     
                     
                     
                     
                     
                     
                     
                     
                     

                     
                     
                     
                     
                     
                     
                     
                     
                     
                     
                     
                     
                     
                     
                     
                     
                     
                     
                     
                     
                     

                     
                     
                     
                     
                     
                     
                     
                     
                     
                     
                     
                     
                     
                     
                     
                     
                     
                     
                     
                     
                     

                     
                     
                     
                     
                     
                     
                     
                     
                     
                     
                     
                     
                     
                     
                     
                     
                     
                     
                     
                     
                     

                     
                     
                     
                     
                     
                     
                     
                     
                     
                     
          4          
                     
                     
                     
                     
                     
                     
                     
                     
                     
                     

                     
                     
                     
                     
                     
                     
                     
                     
                     
         320         
         004         
         103         
                     
                     
                     
                     
                     
                     
                     
                     
                     

                     
                     
                     
                     
                     
                     
                     
                     
        04414        
        14402        
        44024        
        40342        
        34010        
                     
                     
                     
                     
                     
                     
                     
                     

                     
                     
                     
                     
                     
                     
                     
       1021100       
       0132431       
       1224004       
       2000010       
       3311111       
       1012124       
       2412133       
                     
                     
                     
                     
                     
                     
                     

                     
                     
                     
                     
                     
                     
      011104302      
      111244111      
      112130022      
      201141121      
      000103441      
      110110110      
      001010111      
      002041000      
      144222212      
                     
                     
                     
                     
                     
                     

                     
                     
                     
                     
                     
     14123430301     
     00124414124     
     11021210231     
     41411330412     
     03010323110     
     03200114412     
     40131022210     
     24410101142     
     40111230121     
     11031130404     
     02102441010     
                     
                     
                     
                     
                     

                     
                     
                     
                     
    0042003011401    
    0114431322143    
    1402014410211    
    1101210121240    
    4340402131410    
    2124112112011    
    1242242214114    
    0414211421041    
    1010241001421    
    4010101310112    
    1002120011421    
    2034044034110    
    2123041421020    
                     
                     
                     
                     

                     
                     
                     
   000402111100000   
   032411210110100   
   011110112233330   
   110041200214310   
   000434220312030   
   413243004012242   
   241121441001110   
   303410141100001   
   144440150403024   
   031422034211033   
   242414430044012   
   241021140213110   
   040404115240000   
   001203204024420   
   012020012204210   
                     
                     
                     

                     
                     
  00001141410021000  
  00000444421133200  
  01002243142404010  
  01224144114240120  
  11221010044110244  
  10400111441434101  
  10114111444234403  
  41041401441240241  
  14004434001410001  
  00104244442323114  
  00151223440330114  
  03020244440240141  
  11441441434440101  
  20144414344034101  
  00443000401441110  
  00200000011001000  
  00011124110101000  
                     
                     

                     
 0000010414223010000 
 0001451440014430000 
 0010114240220434100 
 0110244004144444020 
 0441100504014334410 
 1024422442014232311 
 0141445411405412401 
 4102210434133432442 
 1411201401224424210 
 0014244214103324444 
 4412424014444121544 
 0040042414434424340 
 0120132440010442113 
 2414410044440412413 
 2112402442001444112 
 0242544524422404000 
 0002104140020421110 
 0002102412144220000 
 0000012114432000000 
                     

000000124444400000000
044444454444444444440
054454444444444444440
044444444444444544440
044444445444444444441
044445444444444444440
044444444444444444441
444545444444444444444
344444454444444444444
444444444544444444444
444444444444444444444
444444444444444444444
444444454444444444544
244444445444544444442
054444444444444444442
044444444444444445440
054444445445444444440
044454444445554444440
044444444454544444440
044444444444444444450
000000222444311000000
 
Total grains in the pile: 3865
