0
0
0
0
174
86934
58389
129201
79601
65096
65931
84488
109239
86637
16001
11322
8962
7839
6933
6269
5846
5448
5131
4760
4523
4295
4151
3742
3777
3509
3384
3140
3039
2986
2698
2754
2681
2522
2428
2425
2293
2213
2124
2041
1972
1909
1846
1800
1764
1640
1585
1611
1500
1468
1448
1369
1305
1270
1233
1200
1183
1185
1185
1143
1089
1078
1050
969
980
953
945
821
828
831
819
807
789
785
717
731
701
660
661
661
671
577
616
574
617
551
503
588
500
524
471
478
452
486
442
383
421
430
410
433
377
425
395
337
373
345
353
359
339
344
309
327
311
314
321
321
320
291
271
264
287
248
290
283
278
283
246
249
209
241
267
233
228
228
225
191
228
224
198
200
197
200
217
189
193
199
193
171
170
204
183
183
178
191
178
200
174
178
166
160
191
171
167
153
158
152
136
146
149
150
146
146
160
130
133
130
152
146
156
133
144
148
155
107
123
123
130
120
150
107
111
125
131
123
138
104
129
124
132
117
97
114
115
98
106
108
97
107
99
99
97
102
95
116
91
94
88
112
95
95
105
93
89
85
105
88
87
83
81
88
96
88
77
85
90
87
100
84
87
88
62
104
78
74
93
74
79
100
78
82
73
66
82
77
88
74
64
75
51
65
68
79
66
79
72
69
81
79
77
77
78
79
76
46
65
68
60
57
77
50
65
54
70
57
62
56
69
65
61
55
57
54
52
63
52
64
46
53
50
58
58
64
51
57
55
57
50
47
50
61
52
64
52
44
46
56
48
54
45
46
45
58
79
47
26
38
60
49
42
39
49
43
47
44
44
45
41
43
43
40
45
33
39
41
50
38
46
40
40
48
44
33
41
45
36
45
33
55
37
35
44
38
47
23
41
44
41
28
24
37
45
33
29
48
32
23
36
28
32
39
39
26
27
32
34
38
39
25
33
27
42
28
29
22
30
37
29
29
28
36
25
31
33
37
24
39
29
28
31
25
30
23
29
16
29
22
30
33
18
25
28
30
36
18
21
34
21
24
18
30
21
29
33
26
26
18
27
27
16
17
23
32
33
19
24
33
18
16
31
21
18
16
21
22
18
29
22
25
17
23
21
20
13
21
22
17
26
23
16
18
22
24
18
26
25
14
25
17
19
23
17
23
18
12
15
21
26
26
12
19
19
23
17
18
21
11
20
18
20
22
12
16
12
12
17
8
14
13
16
15
16
16
7
14
16
25
9
12
9
12
20
21
16
18
14
11
14
19
17
14
18
12
15
12
14
17
18
18
15
18
19
15
18
8
16
19
12
15
16
10
13
17
17
17
8
9
14
10
11
17
16
10
19
12
8
13
11
13
15
7
12
11
14
12
8
10
7
9
11
12
8
11
10
8
13
11
5
10
6
10
13
6
12
8
16
8
9
11
10
14
17
10
12
12
14
12
12
8
9
6
11
9
6
11
10
6
6
9
13
19
9
10
11
6
9
16
4
5
14
12
3
11
10
9
10
10
9
9
11
3
10
8
12
10
12
8
10
10
6
13
9
6
5
3
7
11
4
15
4
7
6
6
6
7
6
7
7
4
10
4
6
5
4
7
4
7
7
4
3
3
6
7
5
10
6
7
6
15
9
7
8
6
11
3
6
5
7
9
7
4
4
7
7
7
2
6
4
10
5
5
8
7
3
3
3
5
9
9
5
6
6
4
4
4
6
5
5
7
4
6
4
7
5
3
6
3
6
6
4
3
6
4
6
3
4
3
5
4
4
2
4
3
6
4
5
7
2
4
3
4
3
1
2
4
3
3
8
7
3
6
6
8
5
3
2
3
3
2
4
2
4
4
5
3
2
4
3
3
1
3
4
5
2
8
7
6
1
2
4
6
1
5
3
4
2
3
5
4
3
2
2
2
6
3
3
5
0
4
2
4
1
3
8
3
0
4
1
5
3
4
1
2
4
3
2
6
3
5
1
3
2
4
5
2
3
3
3
1
2
3
1
1
5
5
3
4
6
3
4
0
2
2
4
6
4
1
3
2
1
5
2
3
4
3
1
1
1
2
4
6
3
5
5
0
4
1
2
1
8
2
3
2
5
5
3
2
1
0
1
0
5
0
2
1
0
3
1
3
3
4
5
2
3
1
3
1
3
1
3
4
2
1
0
1
2
2
4
1
3
1
0
2
1
1
2
1
2
1
2
1
0
1
3
2
1
2
2
0
0
0
2
0
2
1
1
2
4
3
1
3
1
3
3
2
1
3
2
2
1
2
1
2
1
1
1
1
3
3
1
1
0
1
2
2
0
1
1
2
1
2
2
1
0
3
1
0
0
0
0
1
2
0
0
1
1
2
2
0
2
0
1
1
2
1
1
1
1
2
0
0
1
2
1
1
1
1
1
3
1
0
0
1
1
1
4
1
1
1
1
2
0
3
2
1
0
2
1
0
0
1
5
0
0
0
1
0
2
0
0
1
0
5
1
0
0
0
3
0
0
0
0
1
0
1
1
0
1
0
1
1
0
1
2
1
2
1
3
0
3
1
0
2
1
0
1
0
1
0
1
1
0
1
1
0
0
1
0
3
1
1
1
1
0
0
0
0
0
3
1
0
1
0
1
1
1
2
1
0
1
0
1
0
1
1
0
0
1
0
0
0
0
2
0
0
1
1
0
0
0
0
0
1
0
1
1
0
0
1
0
3
1
0
0
1
0
0
0
3
0
0
1
0
0
1
0
1
1
1
1
1
0
1
1
0
2
1
0
2
0
1
1
0
0
0
0
0
0
2
1
0
1
0
1
2
0
0
3
0
0
2
0
1
0
2
0
1
0
0
0
0
0
1
0
0
2
0
0
0
0
0
1
0
0
2
1
0
1
0
0
0
0
0
0
0
0
0
1
0
0
1
0
0
0
1
0
0
1
1
0
2
0
0
0
0
0
0
0
0
0
0
0
0
0
0
0
0
0
2
1
0
0
0
0
0
0
0
0
0
0
0
0
0
2
1
0
0
1
0
0
0
1
0
0
1
2
0
0
1
1
0
0
1
0
0
0
0
0
0
0
0
1
1
0
2
0
0
0
0
0
0
0
1
0
0
0
0
0
1
0
1
0
0
1
0
1
0
0
0
0
0
0
0
0
1
0
0
0
0
0
0
1
1
0
0
0
0
0
0
0
1
0
0
0
0
0
2
0
0
0
0
0
0
0
0
0
0
0
2
0
0
0
0
1
0
0
0
0
0
0
0
1
0
0
0
0
0
0
0
0
0
1
0
0
0
0
0
0
0
0
0
0
0
0
2
0
0
0
0
0
0
0
1
0
1
0
0
0
1
0
0
0
0
0
0
0
0
0
0
0
0
0
0
0
0
0
0
0
0
0
0
0
0
0
1
0
0
0
0
0
0
0
0
0
0
0
0
0
1
0
0
0
0
0
0
1
0
0
0
0
0
0
0
0
0
0
0
0
0
0
0
1
0
1
0
0
0
1
1
0
0
0
1
0
0
0
0
0
0
0
0
0
0
0
0
0
0
0
0
2
0
0
0
1
0
0
0
0
0
0
0
0
1
0
0
0
0
0
0
0
0
0
0
0
0
0
0
0
0
0
1
0
0
0
0
0
0
0
0
1
0
0
0
0
0
0
0
0
0
0
0
0
0
0
0
0
0
0
0
0
0
1
0
1
0
0
0
0
0
0
0
0
0
0
0
0
0
0
0
0
0
0
0
0
0
0
0
0
0
0
0
0
0
0
0
0
0
0
0
0
0
0
0
0
0
1
0
0
0
0
0
0
0
0
1
0
0
0
0
0
0
1
0
0
0
0
0
0
0
0
0
0
0
0
0
1
0
1
0
0
0
0
0
0
0
0
0
0
0
0
0
0
0
0
0
0
0
0
0
0
0
0
0
0
0
0
0
0
0
0
0
0
0
0
0
0
0
0
0
0
0
0
0
0
0
0
0
0
0
0
0
0
0
0
0
0
0
0
0
0
0
0
0
0
0
0
0
0
0
0
0
0
0
0
0
0
0
0
0
0
0
0
0
0
0
0
0
0
0
0
0
0
0
0
0
0
0
1
0
0
0
0
0
0
0
0
0
0
0
0
0
0
0
0
0
0
0
1
0
0
0
0
0
0
0
0
0
0
0
0
0
0
0
0
0
0
0
0
0
0
0
0
0
0
0
0
0
0
0
0
0
0
0
1
0
0
0
0
0
0
0
0
0
0
0
0
0
0
0
0
0
0
0
0
0
0
0
0
0
0
0
0
0
0
0
0
0
0
0
0
0
0
0
0
0
0
0
0
0
0
0
0
0
0
0
0
0
0
0
0
0
1
0
0
0
0
0
0
0
0
0
0
0
0
0
0
0
1
0
0
0
0
0
0
0
0
0
0
0
0
0
0
0
0
0
0
0
0
0
0
0
0
0
0
0
0
0
0
0
0
0
0
0
0
0
0
0
0
0
0
0
0
0
0
0
0
0
0
0
0
0
0
0
0
0
0
0
0
0
0
0
1
0
0
0
0
0
0
0
0
0
0
0
0
0
0
0
0
0
0
0
0
0
0
0
0
0
0
0
0
0
0
0
0
0
0
0
0
0
0
0
0
0
0
0
0
0
0
0
0
0
0
0
0
0
0
0
0
0
0
0
0
0
0
0
0
0
0
0
0
0
0
0
0
0
0
0
0
0
0
0
0
0
0
0
0
0
0
0
0
0
0
0
0
0
0
0
0
0
0
0
0
0
0
0
0
0
0
0
0
0
0
0
0
0
0
0
0
0
0
0
0
0
0
0
0
0
0
0
0
0
0
0
0
0
0
0
0
0
0
0
0
0
0
0
0
0
0
0
0
0
0
0
0
0
0
0
0
0
0
0
0
0
0
0
0
0
0
0
0
0
0
0
0
0
0
0
0
0
0
0
0
0
0
0
0
0
0
0
0
0
0
0
1
