
000000000000000000000
000000000000000000000
000000000000000000000
000000000000000000000
000000000000000000000
000000000000000000000
000000000000000000000
000000000000000000000
000000000000000000000
000000000000000000000
000000000000000000000
000000000000000000000
000000000000000000000
000000000000000000000
000000000000000000000
000000000000000000000
000000000000000000000
000000000000000000000
000000000000000000000
000000000000000000000
000000000000000000000

000000000000000000000
000000000000000000000
000000000000000000000
000000000000000000000
000000000000000000000
000000000000000000000
000000000000000000000
000000000000000000000
000000000000000000000
000000000000000000000
000000000000000000000
000000000000000000000
000000000000000000000
000000000000000000000
000000000000000000000
000000000000000000000
000000000000000000000
000000000000000000000
000000000000000000000
000000000000000000000
000000000000000000000

000000000000000000000
000000000000000000000
000000000000000000000
000000000000000000000
000000000000000000000
000000000000000000000
000000000000000000000
000000000000000000000
000000000000000000000
000000000000000000000
000000000000000000000
000000000000000000000
000000000000000000000
000000000000000000000
000000000000000000000
000000000000000000000
000000000000000000000
000000000000000000000
000000000000000000000
000000000000000000000
000000000000000000000

000000000000000000000
000000000000000000000
000000000000000000000
000000000000000000000
000000000000000000000
000000000000000000000
000000000000000000000
000000000000000000000
000000000000000000000
000000000000000000000
000000000000000000000
000000000000000000000
000000000000000000000
000000000000000000000
000000000000000000000
000000000000000000000
000000000000000000000
000000000000000000000
000000000000000000000
000000000000000000000
000000000000000000000

000000000000000000000
000000000000000000000
000000000000000000000
000000000000000000000
000000000000000000000
000000000000000000000
000000000000000000000
000000000000000000000
000000000000000000000
000000000000000000000
000000000000000000000
000000000000000000000
000000000000000000000
000000000000000000000
000000000000000000000
000000000000000000000
000000000000000000000
000000000000000000000
000000000000000000000
000000000000000000000
000000000000000000000

000000000000000000000
000000000000000000000
000000000000000000000
000000000000000000000
000000000000000000000
000000000000000000000
000000000000000000000
000000000000000000000
000000000000000000000
000000000000000000000
000000000010000000000
000000000000000000000
000000000000000000000
000000000000000000000
000000000000000000000
000000000000000000000
000000000000000000000
000000000000000000000
000000000000000000000
000000000000000000000
000000000000000000000

000000000000000000000
000000000000000000000
000000000000000000000
000000000000000000000
000000000000000000000
000000000000000000000
000000000000000000000
000000000000000000000
000000000000000000000
000000000442000000000
000000000414000000000
000000000322000000000
000000000000000000000
000000000000000000000
000000000000000000000
000000000000000000000
000000000000000000000
000000000000000000000
000000000000000000000
000000000000000000000
000000000000000000000

000000000000000000000
000000000000000000000
000000000000000000000
000000000000000000000
000000000000000000000
000000000000000000000
000000000000000000000
000000000000000000000
000000000214100000000
000000002424400000000
000000001212100000000
000000002343100000000
000000004213100000000
000000000000000000000
000000000000000000000
000000000000000000000
000000000000000000000
000000000000000000000
000000000000000000000
000000000000000000000
000000000000000000000

000000000000000000000
000000000000000000000
000000000000000000000
000000000000000000000
000000000000000000000
000000000000000000000
000000000000000000000
000000011412140000000
000000014411030000000
000000041114130000000
000000044134210000000
000000011121330000000
000000011141210000000
000000031114110000000
000000000000000000000
000000000000000000000
000000000000000000000
000000000000000000000
000000000000000000000
000000000000000000000
000000000000000000000

000000000000000000000
000000000000000000000
000000000000000000000
000000000000000000000
000000000000000000000
000000000000000000000
000000111243212000000
000000414212111000000
000000111144422000000
000000454224121000000
000000421134111000000
000000143331421000000
000000121324412000000
000000324311111000000
000000131121111000000
000000000000000000000
000000000000000000000
000000000000000000000
000000000000000000000
000000000000000000000
000000000000000000000

000000000000000000000
000000000000000000000
000000000000000000000
000000000000000000000
000000000000000000000
000001211422322000000
000001123222411200000
000002242131211100000
000002331244524100000
000002111144444100000
000001211422113100000
000001243452243100000
000005111311434300000
000003333112223400000
000001321241432300000
000000122312211100000
000000000000000000000
000000000000000000000
000000000000000000000
000000000000000000000
000000000000000000000

000000000000000000000
000000000000000000000
000000000000000000000
000000000000000000000
000000252424120000000
000001113411412100000
000012141442341100000
000033511442114340000
000012214333422340000
000044131224213110000
000011214454124310000
000014132234441410000
000021121313244440000
000011412342321110000
000021341114441110000
000001224234412200000
000000132121111000000
000000000000000000000
000000000000000000000
000000000000000000000
000000000000000000000

000000000000000000000
000000000000000000000
000000000000000000000
000000022242130000000
000003212143441110000
000014131314423200000
000151114441414130000
000041442114243220000
000324344131542234000
000421242311131243000
000112311144221113000
000421111242141115000
000212414411344411000
000043444244422311000
000214411211133140000
000034211121342420000
000001112411422000000
000000022141431000000
000000000000000000000
000000000000000000000
000000000000000000000

000000000000000000000
000000000000000000000
000000000212001000000
000000044414240100000
000001151412434100000
000023101224434110000
000234145422144111000
000144221121144442000
002142443422424344000
000412411241243114000
004121124344444222100
002214344441445121100
000351354244424444100
001244441244422342000
000442114415441341000
000012214414411420000
000023414444112100000
000001221220111200000
000000021152020000000
000000000000000000000
000000000000000000000

000000000000000000000
000000101140000000000
000000001414110000000
000011224211444000000
000011451244454310000
000134344424242141100
000444111344441412000
004444143414441122110
021344442134112312100
001543422234124314430
044441441242421243430
004111121444344144100
011124114544414244320
001414132141241224100
002333441445421243100
000044443212414411000
000033442431444100000
000011125211341200000
000001031341311000000
000000000212000000000
000000000000000000000

000000000121000000000
044444444444444444440
044444444444444444440
044444544444445444440
045445444444444454440
044444454444444444440
044444444444445445440
044444444444545544441
044444444544444444440
045444444444444444442
244444644444444444443
344444444444454444441
044444444444444444442
044445444444445444640
044554444444444454540
044444444445444444440
044444444444444444440
044544444444444444440
044444444444444444440
044444444444444544440
000000000141000000000
 
Total grains in the pile: 4172
