0
0
0
0
7980
7629
12948
11687
8680
7380
8197
6085
4273
4581
1314
1053
750
664
638
540
517
422
433
374
366
318
309
331
279
263
210
243
250
230
232
186
191
187
174
174
167
157
150
168
140
154
147
135
126
119
113
117
131
91
110
113
93
99
82
88
85
85
94
82
90
81
78
83
91
77
61
76
75
72
73
66
53
63
59
61
57
55
69
77
72
44
58
49
50
60
44
48
45
50
40
57
38
47
37
52
57
35
44
44
39
36
38
35
39
42
42
28
38
40
36
38
36
28
30
35
28
39
30
30
34
29
33
30
28
32
31
29
25
31
32
35
34
35
30
27
30
23
29
29
33
21
26
30
26
26
22
29
23
25
25
33
19
26
21
28
24
11
20
25
17
11
22
17
31
24
21
19
19
22
17
9
19
19
18
20
17
10
13
9
17
22
24
20
14
13
12
17
15
14
23
18
19
14
19
16
16
12
15
15
18
15
14
14
16
13
20
13
10
12
14
15
15
17
10
18
14
10
21
12
21
12
11
12
19
15
10
13
14
12
10
11
11
18
11
9
17
10
9
10
14
12
11
7
14
11
13
13
11
16
7
11
11
15
14
11
12
10
12
7
7
4
7
7
5
12
14
16
14
8
8
8
10
7
10
10
14
9
4
2
4
5
5
7
6
9
4
3
13
5
9
6
8
11
6
13
5
9
10
3
5
11
3
7
4
6
5
6
8
7
4
6
5
8
4
1
3
10
2
9
7
7
4
4
11
8
6
6
7
3
6
3
9
9
7
2
2
5
4
6
3
5
2
6
4
5
4
9
8
6
4
6
3
5
4
4
4
7
8
5
4
5
5
12
7
5
7
6
5
5
5
6
6
4
4
5
7
0
7
3
4
7
5
6
5
7
5
0
3
6
4
4
5
1
7
2
3
3
6
4
4
2
2
7
4
1
4
2
7
5
5
3
3
4
3
1
1
6
2
4
6
3
3
3
3
3
5
1
3
3
1
1
2
4
5
1
6
3
5
3
4
3
1
1
1
2
1
3
4
3
3
0
0
0
3
0
2
0
0
1
3
2
4
4
0
1
0
2
4
2
1
2
1
5
2
3
1
3
1
1
3
5
1
2
1
2
2
1
3
3
4
2
2
3
0
3
2
4
0
2
2
2
1
6
2
1
1
2
3
0
3
1
2
1
1
0
1
4
3
1
1
0
1
2
2
1
4
0
1
0
2
3
2
1
1
2
2
0
6
0
5
2
3
3
0
3
1
1
3
2
4
1
0
0
3
1
2
2
1
3
3
1
1
2
1
2
3
1
2
1
2
2
1
0
2
2
0
0
1
0
0
2
1
1
2
1
0
0
0
0
1
1
1
0
1
0
1
1
2
2
0
1
0
0
1
2
0
1
0
2
0
1
0
1
2
2
0
1
0
1
1
0
4
2
0
0
1
1
4
0
0
0
1
1
1
3
2
1
0
0
2
0
1
1
2
2
0
0
3
2
1
1
0
0
0
1
1
0
2
0
0
0
0
2
0
0
0
2
0
0
0
0
0
0
0
0
0
0
0
2
0
0
0
1
0
0
1
0
2
0
2
1
1
0
1
0
1
1
2
0
1
0
0
0
0
1
1
1
1
0
0
0
0
0
0
0
1
0
0
0
0
1
0
0
1
0
0
0
0
1
1
1
0
0
0
3
0
0
1
0
2
0
1
0
0
2
0
1
0
0
3
0
2
0
0
0
0
0
0
1
0
1
2
0
0
0
0
1
0
0
1
0
0
0
0
0
0
0
0
1
0
2
1
1
0
0
0
0
0
0
0
0
0
0
1
0
1
0
0
0
0
0
0
0
1
1
0
0
0
1
0
0
0
0
0
0
0
0
1
0
1
0
0
0
0
0
0
0
1
1
0
0
1
0
0
0
0
0
1
1
0
1
0
0
0
0
0
1
0
0
0
0
1
0
0
0
0
0
0
0
0
1
0
0
0
0
0
0
0
0
1
0
0
0
0
0
0
0
1
0
1
0
1
0
0
0
1
0
1
0
0
0
1
0
0
0
0
0
0
0
0
1
1
0
0
0
0
0
0
0
1
0
1
1
0
0
0
0
0
0
0
0
0
0
0
0
1
0
0
0
0
0
0
0
0
1
0
1
0
0
0
0
0
0
0
0
0
0
0
0
0
0
1
0
0
0
0
0
0
0
0
0
0
0
0
0
0
0
0
0
0
0
0
0
0
0
0
0
0
0
0
0
0
0
0
0
0
0
1
1
0
0
1
0
0
0
0
0
0
0
0
0
0
1
0
0
0
0
0
0
0
0
1
0
0
0
1
0
0
0
0
0
0
0
0
0
0
1
0
0
0
0
0
0
0
0
0
0
1
0
0
0
0
0
0
0
0
0
0
0
0
0
0
0
0
0
0
0
0
0
0
0
0
0
0
0
0
0
0
0
0
0
0
0
0
0
0
0
0
0
0
0
0
0
0
0
0
0
0
0
1
0
0
0
0
0
0
0
0
0
0
0
0
0
0
0
0
0
0
0
0
0
0
0
0
0
0
0
0
0
0
0
0
0
0
0
0
0
0
0
0
0
0
0
0
0
0
0
0
0
0
0
0
0
0
0
0
0
0
0
0
0
0
0
0
0
0
0
0
0
0
0
0
0
0
0
0
0
0
0
0
0
0
0
0
0
0
0
0
0
0
0
0
0
0
0
0
0
0
0
0
0
0
0
0
0
0
0
0
0
0
0
0
0
0
0
0
0
0
0
0
0
0
0
0
0
0
0
0
0
0
0
2
0
0
0
0
0
0
0
0
0
0
0
0
0
0
0
0
0
0
0
0
0
0
0
0
0
0
0
0
0
0
0
0
0
0
0
0
0
0
0
0
0
0
0
1
