
           
           
           
           
           
           
           
           
           
           
           

           
           
           
           
           
           
           
           
           
           
           

           
           
           
           
           
     4     
           
           
           
           
           

           
           
           
           
    242    
    000    
    444    
           
           
           
           

           
           
           
   20210   
   04012   
   40140   
   41421   
   21140   
           
           
           

           
           
  4104120  
  0435431  
  4144404  
  4141411  
  4101444  
  0040005  
  2452102  
           
           

           
 412141002 
 000144131 
 212443440 
 431150101 
 031444440 
 022044444 
 114302434 
 100543401 
 004404122 
           

44444444462
44444445444
44444444444
44444444444
44444444444
44444444444
44444564444
44454444444
44454454445
54455444444
14554444443
 
Total grains in the pile: 844
