0
283
7333
23158
19289
14804
1569
3106
1677
1406
1385
1329
1309
1134
1066
993
956
834
856
803
694
729
645
658
563
569
516
488
482
448
430
404
374
378
335
334
301
260
297
290
252
265
225
218
225
191
186
184
205
196
177
168
148
144
139
115
149
110
127
119
112
121
97
105
87
80
78
86
75
88
86
70
57
61
64
68
77
76
61
68
60
58
59
54
46
45
48
33
43
48
32
41
36
28
44
32
32
29
35
38
31
21
31
33
34
34
23
32
25
29
27
32
33
26
25
18
33
25
23
19
19
15
17
16
17
17
18
21
17
9
15
10
16
14
15
12
11
18
10
9
15
9
13
10
12
13
10
3
13
8
14
9
9
11
12
10
8
10
5
4
11
9
7
3
11
9
7
2
4
10
8
9
8
7
6
6
6
8
4
8
4
7
7
2
6
10
8
4
5
5
5
1
5
5
2
4
2
7
2
7
6
3
6
3
6
7
2
2
1
1
2
0
2
3
0
4
4
4
6
4
3
2
2
2
1
2
0
0
0
3
0
1
0
5
4
1
0
2
2
4
4
1
2
2
1
2
3
2
1
3
2
2
2
1
2
0
0
4
1
4
2
0
1
2
2
1
0
0
4
0
1
0
1
1
2
1
1
1
1
1
0
0
3
0
0
1
1
0
1
1
0
1
1
0
2
0
1
0
0
0
0
1
1
2
2
0
0
0
0
2
1
0
1
0
0
0
0
2
2
1
0
0
0
1
0
0
1
3
0
0
0
0
0
0
0
1
0
0
2
2
1
0
0
0
0
0
0
1
1
1
1
1
1
1
0
1
0
1
0
0
0
0
0
0
0
1
0
0
0
0
1
0
1
0
0
0
0
1
0
1
0
0
0
0
1
0
0
0
0
0
1
0
0
0
0
0
0
0
0
0
0
0
0
0
0
0
0
0
1
0
0
1
0
0
0
0
0
0
0
1
0
0
0
0
0
0
0
0
0
0
0
1
0
1
0
1
0
0
0
0
0
0
0
0
0
0
0
0
0
0
0
0
0
0
0
0
0
0
0
0
0
0
0
0
1
0
0
0
0
0
0
0
0
0
0
0
0
0
0
0
0
0
0
0
0
0
0
0
0
0
0
0
0
0
0
0
0
0
0
0
0
0
0
0
0
0
1
0
0
0
0
0
0
0
0
0
0
0
0
0
1
0
0
0
0
0
0
0
0
1
